30.528588624099 114.350894803859 199 12.07 0.12 -88 -83 -79 -77 -79 -84 -78 -72 -69 -74 -81 -75 -68 -57 -71 
30.528588624099 114.350905211499 200 12.06 0.27 -88 -83 -79 -77 -79 -84 -79 -73 -69 -74 -81 -75 -68 -55 -70 
30.528597612855 114.350873988578 314 12.06 0.32 -88 -83 -78 -77 -80 -84 -78 -72 -69 -75 -81 -75 -67 -58 -71 
30.528597612855 114.350884396218 315 12.06 0.70 -88 -83 -78 -77 -80 -84 -78 -72 -69 -75 -81 -75 -67 -58 -71 
30.528597612855 114.350926026780 319 12.05 0.18 -88 -83 -79 -77 -79 -84 -79 -73 -69 -74 -81 -75 -69 -53 -70 
30.528597612855 114.351092549028 335 11.81 0.05 -91 -86 -81 -77 -77 -87 -82 -76 -70 -70 -83 -78 -73 -62 -64 
30.528597612855 114.351102956669 336 11.80 0.10 -91 -86 -82 -77 -77 -87 -82 -77 -70 -70 -83 -78 -73 -63 -63 
30.528597612855 114.351113364309 337 11.80 0.95 -91 -86 -82 -77 -77 -87 -82 -77 -70 -70 -83 -78 -73 -63 -63 
30.528597612855 114.351123771950 338 11.79 0.17 -91 -86 -82 -77 -77 -87 -82 -77 -70 -70 -83 -79 -74 -64 -62 
30.528597612855 114.351134179590 339 11.79 0.97 -91 -86 -82 -77 -77 -87 -82 -77 -70 -70 -83 -79 -74 -64 -62 
30.528606601611 114.350853173296 429 12.06 0.26 -87 -82 -77 -76 -80 -83 -77 -71 -69 -75 -80 -74 -66 -60 -72 
30.528606601611 114.350863580937 430 12.07 0.08 -87 -82 -78 -76 -80 -84 -78 -71 -69 -75 -80 -74 -67 -59 -71 
30.528606601611 114.350926026780 436 12.06 0.01 -88 -83 -79 -76 -79 -85 -79 -73 -68 -73 -81 -76 -69 -51 -70 
30.528606601611 114.350936434421 437 12.06 0.38 -88 -83 -79 -76 -79 -85 -79 -73 -68 -73 -81 -76 -69 -51 -70 
30.528606601611 114.351061326107 449 11.83 0.34 -90 -85 -81 -76 -77 -86 -81 -76 -69 -70 -83 -78 -72 -60 -65 
30.528606601611 114.351071733747 450 11.83 0.69 -90 -85 -81 -76 -77 -86 -81 -76 -69 -70 -83 -78 -72 -60 -65 
30.528606601611 114.351082141388 451 11.82 0.01 -90 -86 -81 -77 -77 -86 -81 -76 -69 -70 -83 -78 -73 -61 -64 
30.528606601611 114.351092549028 452 11.81 0.45 -91 -86 -81 -77 -77 -87 -82 -76 -70 -70 -83 -78 -73 -62 -64 
30.528606601611 114.351123771950 455 11.77 0.53 -91 -87 -82 -77 -76 -87 -82 -77 -70 -69 -83 -79 -74 -65 -61 
30.528606601611 114.351134179590 456 11.77 0.07 -91 -87 -82 -77 -76 -87 -82 -77 -70 -69 -83 -79 -74 -65 -61 
30.528615590367 114.350821950375 543 12.06 0.01 -87 -81 -77 -76 -80 -83 -77 -70 -69 -75 -80 -73 -64 -62 -72 
30.528615590367 114.350832358015 544 12.06 0.48 -87 -82 -77 -76 -80 -83 -77 -70 -69 -75 -80 -74 -65 -61 -72 
30.528615590367 114.350936434421 554 12.03 0.52 -88 -83 -78 -76 -78 -85 -79 -73 -68 -73 -81 -76 -69 -47 -70 
30.528615590367 114.350957249702 556 11.99 0.79 -88 -84 -78 -75 -78 -85 -79 -73 -67 -72 -81 -76 -69 -48 -69 
30.528615590367 114.351030103185 563 11.86 0.91 -90 -85 -80 -76 -77 -86 -81 -75 -68 -71 -82 -77 -72 -57 -66 
30.528615590367 114.351040510826 564 11.86 0.04 -90 -85 -80 -76 -77 -86 -81 -75 -68 -71 -82 -77 -72 -57 -66 
30.528615590367 114.351050918466 565 11.84 0.30 -90 -85 -80 -76 -77 -86 -81 -75 -69 -71 -82 -78 -72 -59 -66 
30.528615590367 114.351061326107 566 11.84 0.54 -90 -85 -80 -76 -77 -86 -81 -75 -69 -71 -82 -78 -72 -59 -66 
30.528615590367 114.351144587231 574 11.79 0.14 -91 -87 -82 -77 -76 -87 -82 -77 -70 -69 -83 -79 -74 -65 -60 
30.528624579123 114.350811542734 659 12.06 0.40 -86 -81 -76 -76 -80 -83 -76 -69 -69 -75 -80 -73 -63 -63 -72 
30.528624579123 114.350905211499 668 11.96 0.34 -88 -83 -78 -75 -78 -84 -78 -71 -67 -73 -81 -75 -68 -53 -70 
30.528624579123 114.350915619140 669 11.97 0.47 -88 -83 -78 -75 -78 -84 -78 -72 -67 -73 -81 -75 -68 -51 -70 
30.528624579123 114.350936434421 671 12.06 0.21 -88 -83 -78 -75 -78 -84 -79 -72 -67 -73 -81 -75 -69 -46 -70 
30.528624579123 114.350946842061 672 11.98 0.19 -88 -83 -79 -76 -78 -85 -79 -73 -67 -73 -81 -76 -69 -39 -69 
30.528624579123 114.350957249702 673 11.99 0.21 -88 -84 -78 -75 -78 -85 -79 -73 -67 -72 -81 -76 -69 -48 -69 
30.528624579123 114.350988472623 676 11.89 0.75 -89 -84 -79 -75 -77 -85 -80 -74 -67 -71 -82 -77 -71 -51 -68 
30.528624579123 114.350998880264 677 11.90 0.84 -89 -84 -79 -75 -77 -85 -80 -74 -67 -71 -82 -77 -71 -54 -67 
30.528624579123 114.351009287904 678 11.90 0.13 -89 -84 -79 -75 -77 -85 -80 -74 -67 -71 -82 -77 -71 -54 -67 
30.528624579123 114.351019695545 679 11.88 0.06 -89 -85 -80 -76 -77 -86 -80 -75 -68 -71 -82 -77 -71 -56 -67 
30.528624579123 114.351134179590 690 11.80 0.37 -91 -86 -82 -77 -75 -87 -82 -77 -70 -68 -83 -79 -74 -65 -61 
30.528624579123 114.351144587231 691 11.80 0.85 -91 -86 -82 -77 -75 -87 -82 -77 -70 -68 -83 -79 -74 -65 -61 
30.528633567879 114.350801135094 775 12.07 0.11 -86 -81 -76 -76 -80 -82 -76 -68 -69 -76 -79 -73 -63 -63 -73 
30.528633567879 114.350811542734 776 12.06 0.43 -86 -81 -76 -76 -80 -83 -76 -69 -69 -75 -80 -73 -63 -63 -72 
30.528633567879 114.350842765656 779 11.96 0.33 -87 -81 -77 -76 -79 -83 -77 -70 -68 -75 -80 -74 -65 -60 -72 
30.528633567879 114.350853173296 780 11.95 0.07 -87 -82 -77 -75 -79 -83 -77 -70 -68 -74 -80 -74 -66 -59 -72 
30.528633567879 114.350863580937 781 11.95 0.39 -87 -82 -77 -75 -79 -83 -77 -70 -68 -74 -80 -74 -66 -59 -72 
30.528633567879 114.350873988578 782 11.95 0.36 -87 -82 -77 -75 -79 -84 -77 -70 -67 -74 -80 -74 -66 -58 -71 
30.528633567879 114.350884396218 783 11.95 0.02 -87 -82 -77 -75 -79 -84 -78 -71 -67 -74 -81 -75 -67 -56 -71 
30.528633567879 114.350936434421 788 12.11 0.49 -88 -83 -78 -75 -78 -84 -79 -72 -66 -73 -81 -75 -69 -47 -70 
30.528633567879 114.350957249702 790 12.01 0.32 -88 -83 -78 -75 -77 -85 -79 -73 -66 -72 -81 -76 -69 -40 -69 
30.528633567879 114.350978064983 792 11.90 0.11 -89 -84 -79 -75 -77 -85 -80 -73 -67 -72 -82 -76 -70 -47 -68 
30.528633567879 114.350998880264 794 11.89 0.07 -89 -84 -79 -75 -77 -85 -80 -74 -67 -71 -82 -77 -71 -51 -68 
30.528633567879 114.351144587231 808 11.83 0.57 -91 -86 -81 -76 -75 -87 -82 -77 -70 -68 -83 -79 -74 -65 -61 
30.528642556635 114.350738689251 886 12.04 0.54 -85 -79 -75 -76 -81 -81 -74 -66 -70 -77 -78 -70 -56 -67 -74 
30.528642556635 114.350790727453 891 12.07 0.28 -86 -80 -76 -76 -80 -82 -75 -68 -69 -76 -79 -72 -62 -64 -73 
30.528642556635 114.350801135094 892 11.94 0.34 -86 -80 -76 -76 -80 -82 -76 -68 -68 -76 -79 -72 -62 -64 -73 
30.528642556635 114.350811542734 893 11.99 0.45 -86 -81 -76 -76 -80 -83 -76 -68 -68 -75 -79 -73 -63 -63 -73 
30.528642556635 114.350821950375 894 11.94 0.95 -86 -81 -76 -76 -80 -83 -76 -68 -68 -75 -79 -73 -63 -63 -73 
30.528642556635 114.350832358015 895 11.96 0.30 -86 -81 -76 -76 -80 -83 -76 -69 -68 -75 -80 -73 -64 -62 -72 
30.528642556635 114.350894803859 901 11.95 0.80 -87 -82 -77 -75 -79 -84 -78 -71 -67 -74 -81 -75 -67 -56 -71 
30.528642556635 114.350936434421 905 12.11 0.01 -88 -83 -78 -75 -78 -84 -79 -72 -66 -73 -81 -75 -69 -47 -70 
30.528642556635 114.350957249702 907 12.01 0.17 -88 -83 -78 -75 -77 -85 -79 -73 -66 -72 -81 -76 -69 -40 -69 
30.528642556635 114.350967657342 908 11.91 0.29 -89 -84 -78 -75 -77 -85 -79 -73 -66 -72 -82 -76 -70 -46 -69 
30.528642556635 114.351144587231 925 11.83 0.40 -91 -86 -81 -76 -75 -87 -82 -77 -70 -68 -83 -79 -74 -65 -61 
30.528651545391 114.350717873970 1001 12.02 0.21 -84 -79 -75 -77 -81 -81 -73 -66 -71 -77 -78 -70 -53 -67 -74 
30.528651545391 114.350728281610 1002 12.04 0.20 -85 -79 -75 -76 -81 -81 -74 -66 -70 -77 -78 -70 -56 -67 -74 
30.528651545391 114.350738689251 1003 12.06 0.30 -85 -79 -75 -76 -81 -81 -74 -66 -70 -77 -78 -71 -57 -66 -74 
30.528651545391 114.350759504532 1005 12.06 0.22 -85 -80 -75 -76 -81 -82 -75 -67 -70 -76 -79 -71 -59 -66 -74 
30.528651545391 114.350769912172 1006 12.04 0.05 -85 -80 -75 -76 -80 -82 -75 -67 -69 -76 -79 -72 -60 -65 -73 
30.528651545391 114.350780319813 1007 11.93 0.03 -86 -80 -75 -76 -80 -82 -75 -67 -69 -76 -79 -72 -61 -64 -73 
30.528651545391 114.350790727453 1008 12.07 0.65 -85 -80 -75 -76 -80 -82 -75 -67 -69 -76 -79 -72 -60 -65 -73 
30.528651545391 114.350842765656 1013 11.96 0.54 -87 -81 -77 -76 -79 -83 -77 -70 -68 -75 -80 -74 -65 -60 -72 
30.528651545391 114.350946842061 1023 12.12 0.34 -88 -83 -78 -74 -77 -84 -79 -72 -66 -72 -81 -76 -69 -48 -70 
30.528651545391 114.350957249702 1024 12.01 0.08 -88 -83 -78 -74 -77 -85 -79 -72 -66 -72 -81 -76 -69 -47 -69 
30.528651545391 114.350988472623 1027 11.90 0.93 -89 -84 -79 -75 -77 -85 -80 -73 -67 -72 -82 -76 -70 -47 -68 
30.528651545391 114.351134179590 1041 11.85 0.40 -91 -86 -81 -76 -75 -87 -82 -77 -69 -67 -83 -79 -74 -65 -62 
30.528651545391 114.351144587231 1042 11.85 0.26 -91 -86 -81 -76 -75 -87 -82 -77 -69 -67 -83 -79 -74 -65 -62 
30.528660534148 114.350676243408 1114 12.00 0.40 -84 -78 -74 -77 -82 -80 -72 -65 -71 -78 -77 -69 -47 -69 -75 
30.528660534148 114.350697058689 1116 12.02 0.62 -84 -78 -74 -77 -81 -80 -73 -65 -71 -77 -78 -69 -50 -68 -75 
30.528660534148 114.350717873970 1118 12.02 0.01 -84 -79 -75 -77 -81 -81 -73 -66 -71 -77 -78 -70 -53 -67 -74 
30.528660534148 114.350728281610 1119 11.91 0.24 -85 -79 -74 -76 -81 -81 -74 -65 -70 -77 -78 -71 -56 -67 -74 
30.528660534148 114.350759504532 1122 11.92 0.41 -85 -79 -75 -76 -80 -81 -74 -66 -69 -76 -79 -71 -58 -66 -74 
30.528660534148 114.350946842061 1140 12.01 0.01 -88 -83 -78 -74 -77 -85 -79 -72 -65 -72 -81 -76 -69 -50 -69 
30.528660534148 114.351144587231 1159 11.86 0.36 -91 -86 -81 -75 -74 -87 -82 -77 -69 -66 -83 -79 -74 -65 -62 
30.528669522904 114.350655428127 1229 12.01 0.41 -83 -77 -74 -77 -82 -80 -71 -64 -72 -78 -77 -68 -40 -70 -75 
30.528669522904 114.350665835767 1230 12.01 0.04 -83 -78 -74 -77 -82 -80 -72 -64 -72 -78 -77 -68 -42 -69 -75 
30.528669522904 114.350676243408 1231 12.01 0.53 -83 -78 -74 -77 -82 -80 -72 -64 -72 -78 -77 -68 -42 -69 -75 
30.528669522904 114.350697058689 1233 11.94 0.82 -84 -78 -74 -76 -81 -80 -73 -64 -70 -77 -78 -70 -50 -68 -74 
30.528669522904 114.350707466329 1234 11.94 0.89 -84 -78 -74 -76 -81 -80 -72 -64 -71 -77 -77 -69 -46 -68 -75 
30.528669522904 114.350717873970 1235 11.92 0.03 -84 -78 -74 -76 -81 -81 -73 -65 -70 -77 -78 -70 -54 -67 -74 
30.528669522904 114.350738689251 1237 11.91 0.07 -85 -79 -74 -76 -81 -81 -74 -65 -70 -77 -78 -71 -56 -67 -74 
30.528669522904 114.350926026780 1255 12.02 0.39 -88 -82 -77 -73 -77 -84 -78 -71 -64 -72 -81 -75 -68 -55 -70 
30.528669522904 114.350936434421 1256 12.02 0.05 -88 -83 -77 -74 -77 -84 -78 -71 -65 -72 -81 -75 -69 -53 -70 
30.528669522904 114.351144587231 1276 11.86 0.24 -91 -86 -81 -75 -74 -87 -82 -77 -69 -66 -83 -79 -74 -65 -62 
30.528678511660 114.350613797565 1342 11.99 0.19 -82 -76 -73 -78 -83 -78 -70 -64 -73 -79 -76 -66 -53 -71 -76 
30.528678511660 114.350624205205 1343 11.99 0.22 -82 -76 -73 -77 -82 -79 -70 -64 -73 -78 -76 -66 -50 -70 -76 
30.528678511660 114.350634612846 1344 11.99 0.26 -83 -77 -74 -77 -82 -79 -71 -64 -72 -78 -77 -67 -46 -70 -75 
30.528678511660 114.350645020486 1345 11.99 0.08 -83 -77 -74 -77 -82 -79 -71 -64 -72 -78 -77 -67 -46 -70 -75 
30.528678511660 114.350655428127 1346 11.97 0.05 -83 -77 -73 -77 -82 -80 -71 -63 -72 -78 -77 -68 -33 -69 -75 
30.528678511660 114.350665835767 1347 11.96 0.98 -83 -77 -73 -77 -82 -80 -72 -64 -71 -78 -77 -68 -38 -69 -75 
30.528678511660 114.350676243408 1348 11.96 0.04 -83 -77 -73 -77 -82 -80 -72 -64 -71 -78 -77 -68 -38 -69 -75 
30.528678511660 114.350686651048 1349 11.94 0.09 -84 -78 -74 -76 -81 -80 -72 -64 -71 -77 -77 -69 -46 -68 -75 
30.528678511660 114.350707466329 1351 11.94 0.07 -84 -78 -74 -76 -81 -80 -73 -64 -70 -77 -78 -70 -50 -68 -74 
30.528678511660 114.350717873970 1352 11.92 0.76 -84 -78 -74 -76 -81 -81 -73 -65 -70 -77 -78 -70 -54 -67 -74 
30.528678511660 114.350915619140 1371 12.02 0.20 -87 -82 -76 -73 -77 -84 -78 -70 -64 -72 -81 -75 -68 -57 -70 
30.528678511660 114.350926026780 1372 12.02 0.99 -88 -82 -77 -73 -77 -84 -78 -71 -64 -72 -81 -75 -68 -55 -70 
30.528678511660 114.351144587231 1393 11.88 0.40 -91 -86 -81 -75 -74 -87 -82 -77 -68 -65 -83 -79 -74 -66 -63 
30.528687500416 114.350582574643 1456 11.99 0.38 -81 -75 -73 -78 -83 -78 -69 -64 -74 -79 -75 -64 -57 -72 -76 
30.528687500416 114.350592982284 1457 11.99 0.21 -82 -76 -73 -78 -83 -78 -69 -64 -73 -79 -76 -65 -56 -71 -76 
30.528687500416 114.350603389924 1458 11.99 0.85 -82 -76 -73 -78 -83 -78 -70 -64 -73 -79 -76 -66 -53 -71 -76 
30.528687500416 114.350624205205 1460 11.99 0.68 -82 -76 -73 -77 -82 -79 -70 -64 -73 -78 -76 -66 -50 -70 -76 
30.528687500416 114.350645020486 1462 11.95 0.24 -83 -77 -73 -77 -82 -79 -71 -63 -72 -78 -77 -67 -44 -70 -75 
30.528687500416 114.350915619140 1488 12.02 0.31 -87 -82 -76 -73 -77 -84 -78 -70 -64 -72 -81 -75 -68 -57 -70 
30.528687500416 114.351154994871 1511 11.88 0.24 -91 -86 -81 -75 -73 -87 -82 -77 -68 -65 -83 -79 -74 -66 -63 
30.528696489172 114.350520128800 1567 12.02 0.08 -80 -74 -74 -79 -84 -76 -66 -66 -75 -80 -74 -59 -63 -73 -77 
30.528696489172 114.350530536441 1568 12.02 0.95 -80 -74 -74 -79 -84 -77 -67 -65 -75 -80 -74 -61 -62 -73 -77 
30.528696489172 114.350540944081 1569 12.02 0.21 -80 -74 -74 -79 -84 -77 -67 -65 -75 -80 -74 -61 -62 -73 -77 
30.528696489172 114.350551351722 1570 12.01 0.15 -81 -75 -73 -79 -83 -77 -67 -65 -74 -80 -75 -62 -60 -72 -77 
30.528696489172 114.350561759362 1571 11.99 0.14 -81 -75 -73 -78 -83 -77 -68 -64 -74 -79 -75 -63 -59 -72 -76 
30.528696489172 114.350634612846 1578 11.95 0.28 -82 -76 -73 -77 -82 -79 -70 -63 -72 -78 -76 -66 -50 -70 -76 
30.528696489172 114.350894803859 1603 12.01 0.87 -87 -82 -76 -73 -77 -84 -78 -70 -63 -72 -81 -75 -68 -58 -71 
30.528696489172 114.350905211499 1604 12.01 0.18 -87 -82 -76 -73 -77 -84 -78 -70 -63 -72 -81 -75 -68 -58 -71 
30.528696489172 114.351165402512 1629 11.87 0.36 -91 -86 -81 -75 -73 -87 -82 -77 -68 -64 -84 -79 -74 -67 -63 
30.528705477928 114.350509721160 1683 12.01 0.45 -79 -74 -74 -79 -84 -76 -66 -66 -75 -80 -74 -58 -64 -73 -77 
30.528705477928 114.350624205205 1694 11.94 0.38 -82 -75 -72 -77 -82 -78 -69 -62 -72 -78 -76 -66 -53 -71 -76 
30.528705477928 114.350894803859 1720 12.01 0.75 -87 -81 -75 -72 -77 -84 -77 -69 -61 -72 -81 -75 -68 -60 -71 
30.528705477928 114.350905211499 1721 12.01 0.21 -87 -81 -75 -72 -77 -84 -77 -69 -62 -72 -81 -75 -67 -59 -71 
30.528705477928 114.350915619140 1722 12.00 0.91 -87 -81 -75 -72 -77 -84 -77 -69 -62 -72 -81 -75 -67 -59 -71 
30.528705477928 114.351165402512 1746 11.88 0.59 -91 -86 -81 -74 -72 -87 -82 -77 -68 -63 -84 -79 -74 -67 -64 
30.528705477928 114.351175810152 1747 11.88 0.25 -91 -86 -81 -74 -72 -87 -82 -77 -68 -63 -84 -79 -74 -67 -64 
30.528714466684 114.350488905879 1798 11.99 0.03 -79 -73 -74 -80 -84 -75 -65 -66 -76 -80 -73 -56 -64 -74 -77 
30.528714466684 114.350603389924 1809 11.93 0.35 -81 -75 -72 -77 -82 -78 -68 -61 -73 -79 -76 -65 -56 -71 -76 
30.528714466684 114.350905211499 1838 12.01 0.08 -87 -81 -75 -72 -77 -84 -77 -69 -61 -72 -81 -75 -68 -60 -71 
30.528714466684 114.350915619140 1839 12.00 0.21 -87 -81 -75 -72 -77 -84 -77 -69 -61 -72 -81 -75 -68 -60 -71 
30.528723455440 114.350457682957 1912 11.98 0.35 -78 -72 -74 -80 -84 -74 -63 -67 -76 -81 -72 -51 -66 -74 -78 
30.528723455440 114.350468090598 1913 11.98 0.87 -78 -72 -74 -80 -84 -74 -63 -67 -76 -81 -72 -51 -66 -74 -78 
30.528723455440 114.350478498238 1914 11.99 0.27 -78 -73 -74 -80 -84 -75 -64 -67 -76 -81 -73 -54 -65 -74 -78 
30.528723455440 114.350592982284 1925 11.95 0.38 -81 -74 -71 -77 -82 -78 -67 -61 -73 -79 -76 -64 -58 -72 -76 
30.528723455440 114.350603389924 1926 11.95 0.83 -81 -74 -71 -77 -82 -78 -67 -61 -73 -79 -76 -64 -58 -72 -76 
30.528723455440 114.350905211499 1955 11.99 0.68 -87 -81 -75 -72 -77 -84 -77 -69 -61 -72 -81 -75 -68 -60 -71 
30.528723455440 114.350936434421 1958 12.28 0.43 -87 -82 -75 -71 -75 -84 -78 -70 -59 -71 -81 -76 -69 -61 -70 
30.528723455440 114.350946842061 1959 12.27 0.07 -87 -82 -75 -71 -75 -84 -78 -70 -59 -71 -81 -75 -69 -61 -70 
30.528723455440 114.350957249702 1960 12.28 0.71 -87 -82 -75 -71 -75 -84 -78 -70 -59 -71 -81 -76 -69 -61 -70 
30.528723455440 114.351165402512 1980 11.89 0.08 -91 -86 -81 -74 -72 -87 -82 -77 -68 -62 -84 -79 -74 -67 -64 
30.528732444196 114.350395237114 2023 12.01 0.88 -76 -71 -75 -81 -85 -72 -61 -70 -77 -82 -71 -47 -69 -75 -78 
30.528732444196 114.350416052395 2025 12.00 0.34 -77 -72 -74 -81 -85 -73 -61 -69 -77 -81 -71 -44 -68 -75 -78 
30.528732444196 114.350426460035 2026 12.00 0.44 -77 -72 -74 -80 -85 -73 -62 -68 -77 -81 -72 -44 -67 -75 -78 
30.528732444196 114.350582574643 2041 11.92 0.02 -80 -73 -71 -77 -83 -77 -67 -61 -73 -79 -75 -64 -60 -72 -76 
30.528732444196 114.350926026780 2074 11.98 0.41 -87 -81 -75 -71 -76 -84 -78 -69 -59 -71 -81 -75 -68 -61 -71 
30.528732444196 114.350946842061 2076 12.28 0.31 -87 -82 -75 -71 -75 -84 -78 -70 -59 -71 -81 -76 -69 -61 -70 
30.528732444196 114.351165402512 2097 11.90 0.08 -91 -86 -80 -73 -71 -87 -82 -77 -67 -61 -83 -79 -74 -67 -65 
30.528741432952 114.350364014192 2137 11.99 0.72 -75 -71 -75 -81 -86 -71 -61 -70 -78 -82 -70 -52 -69 -76 -79 
30.528741432952 114.350374421833 2138 11.99 0.17 -75 -71 -75 -81 -86 -71 -61 -70 -78 -82 -70 -52 -69 -76 -79 
30.528741432952 114.350384829473 2139 11.99 0.18 -76 -71 -75 -81 -86 -71 -61 -70 -78 -82 -70 -51 -69 -76 -79 
30.528741432952 114.350395237114 2140 11.96 0.60 -76 -71 -75 -81 -85 -72 -60 -70 -78 -82 -70 -50 -69 -75 -78 
30.528741432952 114.350405644754 2141 12.01 0.16 -76 -71 -75 -81 -85 -72 -61 -70 -77 -82 -71 -47 -69 -75 -78 
30.528741432952 114.350416052395 2142 12.00 0.05 -77 -72 -74 -81 -85 -73 -61 -69 -77 -81 -71 -44 -68 -75 -78 
30.528741432952 114.350520128800 2152 11.97 0.04 -79 -72 -72 -79 -84 -76 -63 -64 -75 -80 -74 -59 -64 -73 -77 
30.528741432952 114.350530536441 2153 11.96 0.08 -79 -72 -72 -78 -83 -76 -64 -63 -74 -80 -74 -60 -63 -73 -77 
30.528741432952 114.350551351722 2155 11.95 0.20 -80 -73 -71 -78 -83 -76 -65 -62 -74 -80 -75 -62 -62 -73 -77 
30.528741432952 114.350561759362 2156 11.94 0.39 -80 -73 -71 -78 -83 -77 -66 -61 -74 -79 -75 -63 -61 -72 -77 
30.528741432952 114.350728281610 2172 12.09 0.61 -83 -77 -70 -73 -80 -81 -72 -58 -68 -76 -78 -70 -59 -68 -74 
30.528741432952 114.350759504532 2175 12.09 0.27 -84 -77 -71 -73 -79 -81 -73 -61 -66 -76 -79 -71 -61 -67 -74 
30.528741432952 114.350780319813 2177 12.09 0.36 -84 -78 -71 -72 -79 -81 -74 -62 -66 -75 -79 -72 -62 -67 -74 
30.528741432952 114.350790727453 2178 12.10 0.22 -85 -78 -71 -72 -78 -82 -74 -63 -65 -75 -79 -72 -63 -66 -73 
30.528741432952 114.350801135094 2179 12.10 0.08 -85 -78 -72 -72 -78 -82 -74 -64 -64 -75 -79 -72 -63 -66 -73 
30.528741432952 114.350821950375 2181 12.09 0.43 -85 -79 -72 -72 -78 -82 -75 -64 -63 -74 -79 -73 -64 -65 -73 
30.528741432952 114.350832358015 2182 12.11 0.37 -85 -79 -72 -71 -78 -82 -75 -65 -62 -74 -80 -73 -65 -65 -73 
30.528741432952 114.350926026780 2191 11.97 0.64 -87 -81 -75 -71 -76 -84 -78 -69 -59 -71 -81 -75 -68 -62 -71 
30.528741432952 114.350936434421 2192 12.29 0.23 -87 -81 -75 -70 -75 -84 -78 -70 -57 -71 -81 -75 -69 -62 -71 
30.528741432952 114.351165402512 2214 11.92 0.10 -91 -86 -80 -73 -70 -87 -82 -77 -67 -60 -83 -79 -74 -68 -65 
30.528750421708 114.350364014192 2254 12.00 0.87 -75 -71 -75 -81 -86 -71 -61 -70 -78 -82 -70 -52 -69 -76 -79 
30.528750421708 114.350374421833 2255 12.00 0.07 -75 -71 -75 -81 -86 -71 -61 -70 -78 -82 -70 -52 -69 -76 -79 
30.528750421708 114.350384829473 2256 12.00 0.61 -75 -71 -75 -81 -86 -71 -61 -70 -78 -82 -70 -52 -69 -76 -79 
30.528750421708 114.350395237114 2257 11.94 0.19 -76 -71 -75 -81 -85 -72 -60 -70 -78 -82 -70 -50 -69 -75 -78 
30.528750421708 114.350405644754 2258 11.92 0.35 -76 -71 -74 -81 -85 -72 -59 -69 -77 -82 -71 -50 -69 -75 -78 
30.528750421708 114.350478498238 2265 11.98 0.86 -78 -71 -72 -79 -84 -75 -61 -65 -75 -80 -73 -57 -65 -74 -78 
30.528750421708 114.350488905879 2266 11.98 0.08 -78 -71 -72 -79 -84 -75 -61 -65 -75 -80 -73 -57 -65 -74 -78 
30.528750421708 114.350499313519 2267 11.98 0.02 -78 -72 -72 -79 -84 -75 -62 -65 -75 -80 -73 -58 -65 -74 -77 
30.528750421708 114.350509721160 2268 11.97 0.88 -79 -72 -72 -79 -84 -76 -63 -64 -75 -80 -74 -59 -64 -73 -77 
30.528750421708 114.350717873970 2288 12.08 0.31 -83 -76 -70 -73 -80 -80 -72 -57 -68 -76 -78 -70 -59 -69 -75 
30.528750421708 114.350738689251 2290 12.09 0.10 -83 -77 -70 -73 -80 -81 -72 -58 -68 -76 -78 -70 -59 -68 -74 
30.528750421708 114.350749096891 2291 12.10 0.45 -84 -77 -70 -73 -79 -81 -73 -60 -67 -76 -78 -71 -60 -68 -74 
30.528750421708 114.350780319813 2294 12.09 0.30 -84 -78 -71 -72 -79 -81 -74 -62 -66 -75 -79 -72 -62 -67 -74 
30.528750421708 114.350811542734 2297 12.10 0.80 -85 -78 -72 -72 -78 -82 -74 -64 -64 -75 -79 -72 -63 -66 -73 
30.528750421708 114.350842765656 2300 12.12 0.19 -86 -79 -72 -71 -77 -83 -75 -65 -61 -74 -80 -73 -65 -65 -73 
30.528750421708 114.350853173296 2301 12.14 0.38 -86 -79 -72 -70 -77 -83 -76 -66 -60 -73 -80 -74 -66 -65 -72 
30.528750421708 114.351165402512 2331 11.92 0.75 -91 -86 -80 -73 -70 -87 -82 -77 -67 -60 -83 -79 -74 -68 -65 
30.528759410464 114.350353606552 2370 12.01 0.34 -74 -71 -75 -82 -86 -70 -60 -71 -78 -82 -69 -56 -70 -76 -79 
30.528759410464 114.350364014192 2371 12.01 0.29 -75 -71 -75 -82 -86 -71 -60 -71 -78 -82 -69 -54 -70 -76 -79 
30.528759410464 114.350374421833 2372 12.00 0.85 -75 -71 -75 -81 -86 -71 -61 -70 -78 -82 -70 -52 -69 -76 -79 
30.528759410464 114.350384829473 2373 12.02 0.28 -75 -70 -75 -81 -85 -71 -59 -70 -78 -82 -70 -54 -70 -76 -79 
30.528759410464 114.350416052395 2376 11.92 0.04 -76 -70 -74 -80 -85 -72 -59 -69 -77 -81 -71 -52 -68 -75 -78 
30.528759410464 114.350478498238 2382 11.98 0.10 -77 -70 -72 -79 -84 -74 -60 -66 -76 -81 -73 -56 -66 -74 -78 
30.528759410464 114.350707466329 2404 12.08 0.33 -83 -76 -69 -73 -80 -80 -71 -55 -68 -77 -78 -70 -59 -69 -75 
30.528759410464 114.350717873970 2405 12.08 0.24 -83 -76 -70 -73 -80 -80 -72 -57 -68 -76 -78 -70 -59 -69 -75 
30.528759410464 114.350842765656 2417 12.14 0.38 -85 -79 -72 -70 -77 -82 -75 -65 -61 -73 -80 -74 -66 -65 -73 
30.528759410464 114.350853173296 2418 12.14 0.64 -85 -79 -72 -70 -77 -82 -75 -65 -61 -73 -80 -74 -66 -65 -73 
30.528759410464 114.350863580937 2419 12.15 0.30 -86 -80 -72 -70 -76 -83 -76 -66 -59 -73 -80 -74 -67 -65 -72 
30.528759410464 114.350873988578 2420 12.15 0.26 -86 -80 -72 -70 -76 -83 -76 -66 -59 -73 -80 -74 -67 -65 -72 
30.528759410464 114.350936434421 2426 12.18 0.16 -87 -81 -74 -69 -75 -84 -78 -70 -54 -71 -81 -75 -69 -63 -71 
30.528759410464 114.350946842061 2427 11.99 0.20 -87 -81 -74 -69 -75 -84 -78 -70 -55 -71 -81 -75 -69 -63 -71 
30.528759410464 114.351165402512 2448 11.95 0.04 -91 -86 -80 -73 -70 -87 -82 -77 -67 -59 -83 -79 -75 -68 -66 
30.528768399220 114.350322383630 2484 11.99 0.11 -73 -70 -76 -82 -86 -68 -61 -72 -79 -82 -68 -59 -71 -76 -79 
30.528768399220 114.350343198911 2486 12.01 0.40 -74 -70 -76 -82 -86 -69 -60 -72 -79 -82 -68 -58 -71 -76 -79 
30.528768399220 114.350353606552 2487 12.01 0.80 -74 -71 -75 -82 -86 -70 -60 -71 -78 -82 -69 -57 -70 -76 -79 
30.528768399220 114.350384829473 2490 12.02 0.38 -75 -70 -74 -81 -85 -71 -58 -70 -78 -82 -70 -55 -69 -76 -79 
30.528768399220 114.350416052395 2493 11.92 0.86 -76 -70 -74 -80 -85 -72 -59 -69 -77 -81 -71 -52 -68 -75 -78 
30.528768399220 114.350426460035 2494 11.93 0.16 -76 -70 -73 -80 -85 -73 -58 -68 -77 -81 -71 -53 -68 -75 -78 
30.528768399220 114.350447275316 2496 11.94 0.51 -76 -70 -73 -80 -84 -73 -58 -67 -76 -81 -72 -55 -68 -75 -78 
30.528768399220 114.350457682957 2497 11.95 0.32 -77 -70 -72 -79 -84 -74 -58 -66 -76 -81 -72 -56 -67 -74 -78 
30.528768399220 114.350488905879 2500 11.98 0.70 -77 -70 -72 -79 -84 -74 -60 -66 -76 -81 -73 -56 -66 -74 -78 
30.528768399220 114.350707466329 2521 12.08 0.15 -83 -76 -69 -73 -80 -80 -71 -55 -68 -77 -78 -70 -59 -69 -75 
30.528768399220 114.350832358015 2533 12.14 0.07 -85 -79 -71 -70 -77 -82 -75 -64 -61 -74 -80 -73 -65 -66 -73 
30.528768399220 114.350863580937 2536 12.15 0.86 -86 -79 -72 -69 -76 -83 -76 -66 -58 -73 -80 -74 -67 -65 -72 
30.528768399220 114.350884396218 2538 12.14 0.36 -86 -80 -72 -69 -76 -83 -76 -67 -57 -72 -80 -74 -67 -65 -72 
30.528768399220 114.350894803859 2539 12.16 0.09 -86 -80 -73 -69 -76 -83 -77 -68 -56 -72 -80 -75 -68 -65 -72 
30.528768399220 114.350905211499 2540 12.17 0.59 -86 -80 -73 -68 -75 -83 -77 -68 -54 -71 -81 -75 -68 -65 -72 
30.528768399220 114.350936434421 2543 12.28 0.88 -87 -81 -74 -69 -75 -84 -78 -70 -54 -71 -81 -75 -69 -63 -71 
30.528768399220 114.351175810152 2566 11.97 0.19 -91 -86 -80 -72 -69 -87 -82 -77 -67 -58 -84 -79 -75 -68 -66 
30.528777387976 114.350280753068 2597 11.98 0.64 -72 -71 -77 -83 -87 -66 -63 -73 -79 -83 -66 -63 -72 -77 -80 
30.528777387976 114.350301568349 2599 11.98 0.41 -72 -70 -76 -83 -87 -67 -62 -73 -79 -83 -66 -62 -72 -77 -79 
30.528777387976 114.350311975990 2600 11.98 0.26 -73 -70 -76 -82 -86 -68 -61 -72 -79 -83 -67 -61 -71 -77 -79 
30.528777387976 114.350395237114 2608 12.02 0.37 -75 -70 -74 -81 -85 -71 -58 -70 -78 -82 -70 -55 -69 -76 -79 
30.528777387976 114.350697058689 2637 12.07 0.21 -82 -75 -68 -73 -80 -80 -71 -52 -69 -77 -78 -70 -60 -70 -75 
30.528777387976 114.350821950375 2649 12.13 0.27 -85 -78 -71 -70 -77 -82 -75 -63 -62 -74 -80 -73 -65 -66 -73 
30.528777387976 114.350832358015 2650 12.13 0.39 -85 -78 -71 -70 -77 -82 -75 -63 -62 -74 -80 -73 -65 -66 -73 
30.528777387976 114.350863580937 2653 12.15 0.29 -86 -79 -72 -69 -76 -83 -76 -66 -58 -73 -80 -74 -67 -65 -72 
30.528777387976 114.350905211499 2657 12.17 0.29 -86 -80 -73 -68 -75 -83 -77 -68 -54 -71 -81 -75 -68 -65 -72 
30.528777387976 114.350926026780 2659 12.16 0.32 -87 -81 -73 -68 -75 -84 -77 -69 -52 -71 -81 -75 -69 -64 -71 
30.528777387976 114.350936434421 2660 12.22 0.30 -87 -81 -74 -68 -74 -84 -77 -69 -52 -71 -81 -75 -69 -64 -71 
30.528777387976 114.351186217793 2684 11.90 0.81 -91 -86 -80 -72 -68 -87 -82 -77 -68 -55 -84 -79 -75 -69 -67 
30.528777387976 114.351196625433 2685 11.90 0.28 -91 -86 -80 -72 -68 -87 -82 -77 -68 -55 -84 -79 -75 -69 -67 
30.528786376733 114.350270345428 2713 11.97 0.12 -71 -71 -77 -83 -87 -65 -63 -74 -80 -83 -65 -64 -73 -77 -80 
30.528786376733 114.350280753068 2714 11.98 0.07 -72 -71 -77 -83 -87 -66 -63 -73 -79 -83 -66 -63 -72 -77 -80 
30.528786376733 114.350395237114 2725 12.03 0.28 -74 -69 -74 -81 -85 -71 -56 -69 -77 -82 -70 -56 -69 -76 -79 
30.528786376733 114.350405644754 2726 12.01 0.23 -75 -68 -73 -80 -85 -71 -55 -69 -77 -82 -71 -57 -69 -75 -79 
30.528786376733 114.350416052395 2727 12.01 0.50 -75 -68 -73 -80 -85 -72 -54 -68 -77 -81 -71 -57 -69 -75 -78 
30.528786376733 114.350697058689 2754 12.06 0.09 -82 -74 -67 -73 -80 -80 -70 -49 -69 -77 -77 -69 -61 -70 -75 
30.528786376733 114.350707466329 2755 12.07 0.92 -82 -75 -68 -73 -80 -80 -71 -52 -69 -77 -78 -70 -60 -70 -75 
30.528786376733 114.350863580937 2770 12.14 0.05 -86 -79 -71 -68 -76 -83 -76 -66 -58 -73 -80 -74 -67 -66 -73 
30.528786376733 114.350915619140 2775 12.24 0.76 -87 -80 -73 -67 -74 -84 -77 -69 -49 -71 -81 -75 -69 -65 -72 
30.528786376733 114.350946842061 2778 12.15 0.47 -87 -81 -74 -67 -74 -84 -78 -70 -49 -70 -81 -76 -70 -65 -71 
30.528786376733 114.350957249702 2779 11.97 0.20 -87 -81 -74 -67 -74 -84 -78 -70 -49 -70 -81 -76 -70 -65 -71 
30.528786376733 114.351207033074 2803 11.91 0.02 -91 -86 -80 -72 -67 -87 -82 -77 -68 -52 -84 -80 -75 -70 -67 
30.528795365489 114.350259937787 2829 11.98 0.10 -71 -71 -77 -83 -87 -64 -64 -74 -80 -83 -65 -65 -73 -77 -80 
30.528795365489 114.350416052395 2844 12.01 0.28 -75 -68 -73 -80 -85 -72 -54 -68 -77 -81 -71 -57 -69 -75 -78 
30.528795365489 114.350821950375 2883 12.12 0.16 -85 -78 -70 -69 -77 -82 -74 -63 -61 -74 -79 -73 -66 -67 -73 
30.528795365489 114.350863580937 2887 12.14 0.82 -86 -79 -71 -68 -76 -83 -76 -66 -58 -73 -80 -74 -67 -66 -73 
30.528795365489 114.350873988578 2888 12.15 0.82 -85 -79 -70 -67 -76 -83 -76 -65 -57 -73 -80 -74 -67 -67 -73 
30.528795365489 114.350926026780 2893 12.24 0.40 -87 -80 -73 -67 -74 -84 -77 -69 -49 -71 -81 -75 -69 -65 -72 
30.528795365489 114.350957249702 2896 12.20 0.40 -87 -81 -74 -66 -73 -84 -78 -70 -44 -69 -81 -76 -70 -66 -71 
30.528795365489 114.350967657342 2897 12.20 0.65 -87 -81 -74 -66 -73 -84 -78 -70 -44 -69 -81 -76 -70 -66 -71 
30.528804354245 114.350249530147 2945 11.98 0.18 -70 -70 -77 -83 -87 -63 -64 -74 -80 -83 -64 -65 -73 -78 -80 
30.528804354245 114.350416052395 2961 12.01 0.13 -75 -67 -72 -80 -85 -72 -52 -68 -77 -81 -71 -59 -69 -75 -78 
30.528804354245 114.350426460035 2962 12.01 0.15 -75 -67 -72 -80 -85 -72 -52 -68 -77 -81 -71 -59 -69 -75 -78 
30.528804354245 114.350686651048 2987 12.05 0.02 -82 -74 -66 -73 -80 -79 -70 -45 -69 -77 -77 -69 -62 -70 -75 
30.528804354245 114.350863580937 3004 12.15 0.26 -85 -79 -70 -67 -76 -83 -76 -65 -57 -73 -80 -74 -67 -67 -73 
30.528804354245 114.350946842061 3012 11.97 0.58 -87 -81 -73 -66 -73 -84 -78 -70 -37 -70 -81 -76 -70 -66 -71 
30.528804354245 114.351207033074 3037 11.93 0.16 -91 -86 -81 -72 -67 -87 -83 -78 -68 -49 -84 -80 -76 -70 -67 
30.528804354245 114.351217440714 3038 11.93 0.26 -91 -86 -81 -72 -67 -87 -83 -78 -68 -49 -84 -80 -76 -70 -67 
30.528813343001 114.350249530147 3062 11.97 0.31 -69 -70 -77 -83 -87 -62 -64 -74 -80 -83 -64 -66 -73 -78 -80 
30.528813343001 114.350416052395 3078 12.02 0.39 -74 -67 -72 -80 -85 -72 -49 -68 -77 -81 -71 -60 -69 -75 -78 
30.528813343001 114.350676243408 3103 12.05 0.55 -82 -73 -65 -72 -80 -79 -69 -39 -69 -77 -77 -69 -63 -71 -76 
30.528813343001 114.350821950375 3117 12.12 0.07 -84 -77 -69 -68 -77 -82 -74 -62 -61 -74 -79 -73 -66 -68 -74 
30.528813343001 114.350873988578 3122 12.18 0.09 -85 -79 -70 -66 -75 -83 -76 -66 -56 -73 -80 -74 -68 -67 -73 
30.528813343001 114.350915619140 3126 12.22 0.02 -86 -80 -72 -66 -74 -83 -77 -68 -48 -71 -81 -75 -69 -66 -72 
30.528813343001 114.350957249702 3130 11.97 0.06 -87 -81 -73 -66 -73 -84 -78 -70 -37 -70 -81 -76 -70 -66 -71 
30.528813343001 114.350967657342 3131 12.21 0.13 -87 -81 -74 -65 -73 -84 -78 -70 -37 -69 -81 -76 -71 -66 -71 
30.528813343001 114.351207033074 3154 11.94 0.75 -91 -86 -81 -72 -65 -88 -83 -78 -69 -42 -84 -80 -76 -71 -68 
30.528813343001 114.351217440714 3155 11.93 0.34 -91 -86 -81 -72 -66 -88 -83 -78 -69 -46 -84 -80 -76 -70 -68 
30.528822331757 114.350239122506 3178 11.97 0.68 -68 -70 -77 -83 -87 -61 -64 -75 -80 -83 -64 -67 -74 -78 -80 
30.528822331757 114.350426460035 3196 12.01 0.35 -74 -66 -71 -80 -85 -71 -46 -68 -77 -81 -71 -61 -69 -75 -78 
30.528822331757 114.350676243408 3220 12.04 0.15 -81 -73 -64 -72 -80 -79 -69 -33 -69 -77 -77 -69 -64 -71 -76 
30.528822331757 114.350821950375 3234 12.12 0.85 -84 -77 -69 -68 -77 -82 -74 -62 -61 -74 -79 -73 -66 -68 -74 
30.528822331757 114.350863580937 3238 12.18 0.82 -85 -79 -70 -66 -75 -83 -76 -66 -56 -73 -80 -74 -68 -67 -73 
30.528822331757 114.350873988578 3239 12.20 0.29 -86 -79 -70 -65 -75 -83 -76 -66 -54 -72 -80 -75 -68 -67 -73 
30.528822331757 114.350884396218 3240 12.20 0.19 -86 -79 -70 -65 -75 -83 -76 -66 -54 -72 -80 -75 -68 -67 -73 
30.528822331757 114.350967657342 3248 12.21 0.07 -87 -81 -73 -64 -72 -84 -78 -70 -25 -69 -81 -76 -71 -67 -72 
30.528822331757 114.351227848355 3273 11.94 0.27 -91 -86 -81 -72 -65 -88 -83 -78 -69 -42 -84 -80 -76 -71 -68 
30.528831320513 114.350093415539 3281 11.78 0.98 -66 -74 -81 -86 -89 -46 -71 -78 -82 -85 -59 -71 -76 -79 -81 
30.528831320513 114.350239122506 3295 11.97 0.29 -68 -70 -77 -83 -87 -61 -64 -75 -80 -83 -64 -67 -74 -78 -80 
30.528831320513 114.350249530147 3296 11.97 0.74 -69 -70 -77 -83 -87 -62 -64 -74 -80 -83 -64 -66 -73 -78 -80 
30.528831320513 114.350416052395 3312 12.01 0.43 -74 -66 -71 -80 -85 -71 -46 -68 -77 -81 -71 -61 -69 -75 -78 
30.528831320513 114.350676243408 3337 12.04 0.19 -81 -73 -64 -72 -80 -79 -69 -33 -69 -77 -77 -69 -64 -71 -76 
30.528831320513 114.350811542734 3350 12.11 0.41 -84 -77 -67 -67 -77 -82 -74 -62 -62 -74 -79 -73 -67 -69 -74 
30.528831320513 114.350894803859 3358 12.22 0.01 -86 -79 -70 -65 -75 -83 -76 -67 -53 -72 -80 -75 -69 -67 -73 
30.528831320513 114.350905211499 3359 12.23 0.03 -86 -79 -71 -64 -74 -83 -76 -67 -51 -72 -81 -75 -69 -68 -73 
30.528831320513 114.350936434421 3362 11.98 0.13 -87 -80 -72 -64 -73 -84 -77 -69 -37 -70 -81 -76 -70 -67 -72 
30.528831320513 114.350946842061 3363 11.98 0.91 -87 -80 -72 -64 -73 -84 -77 -69 -37 -70 -81 -76 -70 -67 -72 
30.528831320513 114.350957249702 3364 12.18 0.16 -87 -81 -73 -63 -72 -84 -78 -70 -32 -70 -81 -76 -71 -67 -72 
30.528831320513 114.351227848355 3390 11.94 0.18 -91 -86 -81 -72 -64 -88 -83 -78 -69 -40 -84 -80 -76 -71 -69 
30.528840309269 114.350093415539 3398 11.78 0.34 -66 -74 -81 -86 -89 -46 -71 -78 -82 -85 -59 -71 -76 -79 -81 
30.528840309269 114.350114230820 3400 11.77 0.31 -66 -74 -80 -85 -89 -46 -71 -78 -82 -85 -59 -71 -76 -79 -81 
30.528840309269 114.350228714866 3411 11.96 0.29 -67 -69 -77 -83 -87 -60 -64 -75 -80 -84 -64 -67 -74 -78 -80 
30.528840309269 114.350416052395 3429 11.98 0.12 -74 -65 -71 -80 -85 -71 -41 -68 -77 -81 -72 -62 -70 -76 -79 
30.528840309269 114.350426460035 3430 11.97 0.40 -73 -64 -71 -79 -85 -71 -35 -68 -77 -81 -72 -63 -70 -76 -79 
30.528840309269 114.350676243408 3454 12.03 0.05 -81 -72 -63 -72 -80 -79 -69 -38 -69 -77 -77 -70 -65 -71 -76 
30.528840309269 114.350686651048 3455 12.03 0.72 -81 -72 -63 -72 -80 -79 -69 -38 -69 -77 -77 -70 -65 -71 -76 
30.528840309269 114.350811542734 3467 12.11 0.27 -84 -77 -67 -66 -77 -82 -74 -62 -62 -74 -79 -73 -67 -69 -74 
30.528840309269 114.350915619140 3477 12.00 0.22 -86 -80 -71 -64 -74 -83 -77 -68 -47 -71 -81 -75 -70 -68 -72 
30.528840309269 114.350926026780 3478 12.00 0.29 -86 -80 -71 -64 -74 -83 -77 -68 -47 -71 -81 -75 -70 -68 -72 
30.528840309269 114.351238255995 3508 11.96 0.91 -91 -86 -81 -72 -63 -88 -83 -78 -69 -44 -84 -80 -76 -71 -69 
30.528849298025 114.350083007899 3514 11.80 0.10 -66 -74 -81 -86 -89 -45 -72 -78 -82 -85 -59 -72 -76 -79 -81 
30.528849298025 114.350124638461 3518 11.75 0.21 -65 -73 -80 -85 -88 -45 -70 -77 -82 -85 -60 -71 -76 -79 -81 
30.528849298025 114.350218307225 3527 11.95 0.18 -66 -69 -77 -84 -87 -59 -65 -75 -80 -84 -64 -68 -74 -78 -80 
30.528849298025 114.350416052395 3546 11.97 0.36 -73 -64 -71 -79 -85 -71 -34 -68 -77 -81 -72 -63 -70 -76 -79 
30.528849298025 114.350676243408 3571 12.03 0.23 -81 -72 -61 -72 -80 -79 -69 -45 -70 -77 -77 -70 -66 -72 -76 
30.528849298025 114.350811542734 3584 12.11 0.16 -84 -77 -67 -66 -77 -82 -74 -62 -62 -74 -79 -73 -67 -69 -74 
30.528849298025 114.350894803859 3592 12.02 0.07 -86 -79 -70 -63 -74 -83 -76 -67 -53 -72 -81 -75 -70 -68 -73 
30.528849298025 114.350905211499 3593 12.02 0.66 -86 -79 -70 -63 -74 -83 -76 -67 -53 -72 -81 -75 -70 -68 -73 
30.528849298025 114.350957249702 3598 12.18 0.20 -87 -81 -73 -62 -72 -84 -78 -70 -41 -70 -81 -76 -71 -68 -72 
30.528849298025 114.351238255995 3625 11.96 0.14 -91 -86 -81 -72 -63 -88 -83 -78 -69 -44 -84 -80 -76 -71 -69 
30.528858286781 114.350062192618 3629 11.87 0.74 -65 -75 -81 -86 -89 -45 -72 -79 -83 -85 -61 -72 -77 -80 -81 
30.528858286781 114.350072600258 3630 11.84 0.12 -66 -75 -81 -86 -89 -45 -72 -78 -83 -85 -60 -72 -77 -80 -81 
30.528858286781 114.350135046101 3636 11.74 0.29 -64 -73 -80 -85 -88 -44 -70 -77 -82 -85 -61 -71 -76 -79 -81 
30.528858286781 114.350218307225 3644 11.94 0.18 -65 -69 -77 -84 -87 -58 -65 -75 -81 -84 -65 -68 -74 -78 -80 
30.528858286781 114.350426460035 3664 11.98 0.20 -73 -63 -70 -79 -84 -72 -31 -68 -77 -81 -72 -63 -70 -76 -79 
30.528858286781 114.350436867676 3665 11.99 0.34 -74 -63 -70 -79 -84 -72 -38 -67 -77 -81 -72 -64 -70 -75 -78 
30.528858286781 114.350447275316 3666 12.00 0.22 -74 -63 -69 -79 -84 -72 -43 -67 -76 -81 -73 -64 -69 -75 -78 
30.528858286781 114.350457682957 3667 12.01 0.55 -74 -63 -68 -78 -84 -73 -45 -66 -76 -81 -73 -64 -69 -75 -78 
30.528858286781 114.350468090598 3668 12.01 0.36 -74 -63 -68 -78 -84 -73 -47 -66 -76 -81 -73 -64 -69 -75 -78 
30.528858286781 114.350676243408 3688 12.03 0.78 -81 -72 -61 -72 -80 -79 -69 -45 -70 -77 -77 -70 -66 -72 -76 
30.528858286781 114.350957249702 3715 12.17 0.02 -87 -80 -72 -61 -72 -84 -78 -70 -46 -70 -81 -76 -71 -68 -72 
30.528858286781 114.351238255995 3742 11.96 0.07 -91 -86 -81 -72 -62 -88 -83 -78 -69 -47 -84 -80 -76 -72 -69 
30.528867275537 114.350062192618 3746 11.87 0.04 -65 -75 -81 -86 -89 -45 -72 -79 -83 -85 -61 -72 -77 -80 -81 
30.528867275537 114.350135046101 3753 11.73 0.08 -63 -72 -80 -85 -88 -41 -70 -77 -82 -85 -62 -71 -76 -79 -81 
30.528867275537 114.350207899585 3760 11.90 0.09 -64 -69 -78 -84 -87 -57 -66 -75 -81 -84 -65 -69 -75 -78 -80 
30.528867275537 114.350468090598 3785 11.99 0.35 -74 -62 -68 -78 -84 -73 -49 -66 -76 -81 -73 -65 -69 -75 -78 
30.528867275537 114.350676243408 3805 12.02 0.33 -81 -71 -60 -71 -80 -79 -69 -49 -70 -77 -77 -70 -66 -72 -76 
30.528867275537 114.350821950375 3819 12.11 0.06 -84 -77 -66 -65 -76 -82 -74 -63 -62 -74 -80 -74 -68 -70 -74 
30.528867275537 114.350873988578 3824 12.04 0.77 -85 -78 -69 -62 -74 -83 -76 -66 -57 -72 -80 -75 -70 -69 -73 
30.528867275537 114.350884396218 3825 12.04 0.15 -85 -78 -69 -62 -74 -83 -76 -66 -57 -72 -80 -75 -70 -69 -73 
30.528867275537 114.350946842061 3831 12.18 0.13 -87 -80 -72 -60 -72 -84 -78 -70 -49 -70 -81 -76 -71 -69 -72 
30.528867275537 114.351238255995 3859 11.98 0.45 -91 -86 -81 -71 -60 -88 -83 -78 -69 -51 -84 -80 -76 -72 -70 
30.528876264293 114.350051784977 3862 11.89 0.62 -64 -75 -81 -86 -89 -45 -72 -79 -83 -85 -62 -73 -77 -80 -81 
30.528876264293 114.350062192618 3863 11.89 0.04 -64 -75 -81 -86 -89 -45 -72 -79 -83 -85 -62 -73 -77 -80 -81 
30.528876264293 114.350135046101 3870 11.73 0.27 -63 -72 -80 -85 -88 -41 -70 -77 -82 -85 -62 -71 -76 -79 -81 
30.528876264293 114.350821950375 3936 12.10 0.90 -84 -77 -65 -63 -76 -82 -74 -64 -62 -74 -80 -74 -69 -70 -74 
30.528876264293 114.350946842061 3948 12.17 0.02 -87 -80 -71 -59 -72 -84 -78 -70 -52 -70 -81 -76 -71 -69 -73 
30.528876264293 114.351092549028 3962 12.09 0.15 -89 -84 -77 -65 -65 -86 -81 -75 -62 -63 -83 -78 -74 -70 -71 
30.528876264293 114.351102956669 3963 12.08 0.57 -89 -84 -77 -65 -65 -86 -81 -75 -62 -63 -83 -78 -74 -70 -71 
30.528876264293 114.351113364309 3964 12.07 0.30 -89 -84 -77 -65 -65 -86 -81 -75 -63 -62 -83 -79 -74 -70 -71 
30.528876264293 114.351123771950 3965 12.07 0.14 -89 -84 -77 -66 -64 -86 -81 -75 -64 -62 -83 -79 -75 -70 -71 
30.528876264293 114.351227848355 3975 11.99 0.33 -91 -86 -80 -71 -59 -88 -83 -78 -69 -53 -84 -80 -76 -72 -70 
30.528876264293 114.351238255995 3976 11.98 0.33 -91 -86 -81 -71 -60 -88 -83 -78 -69 -51 -84 -80 -76 -72 -70 
30.528885253049 114.350124638461 3986 11.74 0.60 -62 -72 -80 -85 -88 -40 -70 -77 -82 -85 -63 -71 -76 -79 -81 
30.528885253049 114.350135046101 3987 11.74 0.19 -62 -72 -80 -85 -88 -40 -70 -77 -82 -85 -63 -71 -76 -79 -81 
30.528885253049 114.350197491944 3993 11.88 0.11 -63 -69 -78 -84 -87 -56 -66 -76 -81 -84 -65 -69 -75 -78 -80 
30.528885253049 114.350468090598 4019 11.97 0.06 -74 -61 -67 -78 -84 -73 -51 -66 -76 -81 -73 -66 -69 -75 -78 
30.528885253049 114.350478498238 4020 11.97 0.52 -74 -61 -67 -78 -84 -73 -51 -66 -76 -81 -73 -66 -69 -75 -78 
30.528885253049 114.350676243408 4039 12.02 0.91 -81 -71 -58 -71 -80 -79 -69 -52 -70 -77 -77 -71 -67 -72 -76 
30.528885253049 114.350686651048 4040 12.02 0.36 -81 -71 -58 -71 -80 -79 -69 -52 -70 -77 -77 -71 -67 -72 -76 
30.528885253049 114.350832358015 4054 12.10 0.26 -84 -77 -65 -63 -76 -82 -74 -64 -62 -74 -80 -74 -69 -70 -74 
30.528885253049 114.350863580937 4057 12.07 0.21 -85 -78 -67 -62 -75 -82 -75 -66 -60 -73 -80 -75 -70 -70 -74 
30.528885253049 114.350946842061 4065 12.13 0.52 -87 -80 -71 -58 -71 -84 -78 -70 -53 -70 -81 -76 -72 -69 -73 
30.528885253049 114.350957249702 4066 12.12 0.76 -87 -80 -71 -57 -71 -84 -78 -70 -54 -70 -81 -76 -72 -69 -73 
30.528885253049 114.351082141388 4078 12.07 0.02 -89 -83 -76 -63 -66 -86 -80 -74 -61 -64 -83 -78 -74 -70 -71 
30.528885253049 114.351134179590 4083 12.07 0.16 -90 -84 -78 -66 -63 -86 -81 -76 -65 -61 -83 -79 -75 -71 -71 
30.528885253049 114.351238255995 4093 11.99 0.39 -91 -86 -80 -71 -59 -88 -83 -78 -69 -53 -84 -80 -76 -72 -70 
30.528894241805 114.350062192618 4097 11.88 0.30 -63 -74 -81 -86 -89 -45 -72 -79 -83 -85 -63 -73 -77 -80 -81 
30.528894241805 114.350114230820 4102 11.77 0.59 -61 -72 -80 -85 -88 -39 -70 -78 -82 -85 -64 -72 -76 -79 -81 
30.528894241805 114.350124638461 4103 11.77 0.21 -61 -72 -80 -85 -88 -39 -70 -78 -82 -85 -64 -72 -76 -79 -81 
30.528894241805 114.350197491944 4110 11.86 0.08 -61 -69 -78 -84 -88 -55 -67 -76 -81 -84 -65 -70 -75 -79 -81 
30.528894241805 114.350478498238 4137 11.97 0.04 -74 -60 -66 -78 -83 -73 -52 -66 -76 -81 -74 -66 -70 -75 -78 
30.528894241805 114.350686651048 4157 12.02 0.33 -81 -71 -56 -70 -79 -79 -69 -55 -69 -77 -78 -71 -68 -72 -76 
30.528894241805 114.350853173296 4173 12.07 0.51 -85 -78 -67 -62 -75 -82 -75 -66 -60 -73 -80 -75 -70 -70 -74 
30.528894241805 114.350957249702 4183 12.12 0.50 -87 -80 -72 -56 -71 -84 -78 -71 -55 -70 -81 -77 -72 -70 -73 
30.528894241805 114.350998880264 4187 12.10 0.72 -87 -81 -73 -57 -69 -85 -79 -72 -58 -68 -82 -77 -73 -70 -72 
30.528894241805 114.351071733747 4194 12.06 0.13 -89 -83 -76 -62 -66 -86 -80 -74 -61 -65 -83 -78 -74 -70 -72 
30.528894241805 114.351144587231 4201 12.08 0.07 -90 -84 -78 -66 -62 -87 -81 -76 -65 -61 -83 -79 -75 -71 -71 
30.528894241805 114.351227848355 4209 11.99 0.29 -91 -86 -80 -70 -57 -88 -83 -78 -69 -56 -84 -80 -76 -72 -71 
30.528903230561 114.350072600258 4215 11.89 0.18 -61 -74 -81 -86 -89 -46 -72 -79 -83 -85 -64 -73 -77 -80 -81 
30.528903230561 114.350114230820 4219 11.78 0.35 -60 -72 -80 -85 -89 -42 -71 -78 -82 -85 -64 -72 -76 -79 -81 
30.528903230561 114.350187084304 4226 11.85 0.19 -60 -69 -78 -84 -88 -55 -67 -76 -81 -84 -66 -70 -75 -79 -81 
30.528903230561 114.350478498238 4254 11.95 0.25 -74 -59 -66 -78 -83 -74 -54 -66 -76 -80 -74 -67 -70 -75 -78 
30.528903230561 114.350832358015 4288 12.09 0.20 -84 -76 -65 -62 -75 -82 -75 -65 -63 -74 -80 -74 -70 -71 -75 
30.528903230561 114.350842765656 4289 12.09 0.82 -84 -76 -65 -62 -75 -82 -75 -65 -63 -74 -80 -74 -70 -71 -75 
30.528903230561 114.350978064983 4302 12.12 0.30 -87 -81 -72 -56 -70 -84 -78 -71 -56 -69 -82 -77 -72 -70 -73 
30.528903230561 114.350988472623 4303 12.11 0.49 -87 -81 -73 -56 -70 -85 -79 -72 -57 -69 -82 -77 -73 -70 -73 
30.528903230561 114.351019695545 4306 12.08 0.11 -88 -82 -74 -57 -68 -85 -79 -73 -59 -68 -82 -77 -73 -70 -72 
30.528903230561 114.351030103185 4307 12.08 0.20 -88 -82 -74 -58 -67 -85 -79 -73 -60 -67 -82 -78 -73 -70 -72 
30.528903230561 114.351040510826 4308 12.08 0.26 -88 -82 -74 -58 -67 -85 -79 -73 -60 -67 -82 -78 -73 -70 -72 
30.528903230561 114.351050918466 4309 12.08 0.08 -88 -82 -75 -59 -67 -85 -80 -74 -61 -67 -82 -78 -74 -70 -72 
30.528903230561 114.351061326107 4310 12.07 0.20 -88 -83 -75 -61 -66 -86 -80 -74 -61 -66 -83 -78 -74 -70 -72 
30.528903230561 114.351144587231 4318 12.07 0.20 -90 -84 -78 -66 -60 -87 -82 -76 -66 -61 -83 -79 -75 -71 -71 
30.528903230561 114.351217440714 4325 11.99 0.14 -91 -86 -80 -70 -56 -88 -83 -78 -69 -57 -84 -80 -76 -72 -71 
30.528903230561 114.351227848355 4326 11.99 0.10 -91 -86 -80 -70 -56 -88 -83 -78 -69 -57 -84 -80 -76 -72 -71 
30.528912219317 114.350072600258 4332 11.90 0.96 -60 -74 -81 -86 -89 -48 -72 -79 -83 -85 -65 -73 -77 -80 -81 
30.528912219317 114.350083007899 4333 11.90 0.27 -60 -74 -81 -86 -89 -48 -72 -79 -83 -85 -65 -73 -77 -80 -81 
30.528912219317 114.350103823180 4335 11.84 0.65 -59 -72 -80 -85 -89 -45 -71 -78 -82 -85 -65 -73 -77 -80 -81 
30.528912219317 114.350478498238 4371 11.94 0.04 -74 -58 -65 -77 -83 -74 -55 -66 -76 -81 -74 -67 -70 -75 -78 
30.528912219317 114.350697058689 4392 12.03 0.31 -81 -71 -55 -70 -79 -79 -70 -57 -69 -77 -78 -71 -68 -72 -76 
30.528912219317 114.350707466329 4393 12.03 0.01 -81 -71 -54 -69 -79 -80 -70 -59 -69 -77 -78 -72 -69 -72 -76 
30.528912219317 114.350728281610 4395 11.98 0.75 -82 -72 -54 -68 -78 -80 -71 -61 -68 -76 -79 -73 -69 -72 -76 
30.528912219317 114.351009287904 4422 12.10 0.31 -87 -81 -73 -57 -69 -85 -79 -72 -58 -68 -82 -77 -73 -70 -72 
30.528912219317 114.351154994871 4436 12.07 0.29 -90 -85 -78 -67 -59 -87 -82 -77 -67 -61 -84 -79 -75 -72 -71 
30.528912219317 114.351165402512 4437 12.06 0.26 -90 -85 -79 -67 -58 -87 -82 -77 -68 -61 -84 -80 -76 -72 -71 
30.528912219317 114.351175810152 4438 12.06 0.39 -90 -85 -79 -67 -58 -87 -82 -77 -68 -61 -84 -80 -76 -72 -71 
30.528912219317 114.351196625433 4440 11.99 0.85 -91 -85 -79 -69 -54 -87 -83 -78 -69 -60 -84 -80 -76 -72 -71 
30.528912219317 114.351217440714 4442 12.00 0.52 -91 -86 -80 -69 -55 -87 -83 -78 -69 -59 -84 -80 -76 -72 -71 
30.528921208074 114.350072600258 4449 11.95 0.99 -57 -73 -81 -86 -89 -52 -72 -79 -83 -85 -66 -73 -77 -80 -81 
30.528921208074 114.350083007899 4450 11.91 0.31 -58 -73 -81 -86 -89 -50 -72 -78 -83 -85 -66 -73 -77 -80 -81 
30.528921208074 114.350093415539 4451 11.92 0.61 -58 -73 -80 -86 -89 -49 -72 -78 -82 -85 -66 -73 -77 -80 -81 
30.528921208074 114.350103823180 4452 11.84 0.17 -58 -72 -80 -85 -89 -47 -71 -78 -82 -85 -65 -73 -77 -80 -81 
30.528921208074 114.350114230820 4453 11.87 0.23 -58 -72 -80 -85 -88 -47 -71 -78 -82 -85 -65 -72 -76 -79 -81 
30.528921208074 114.350176676663 4459 11.85 0.64 -57 -69 -78 -84 -88 -55 -68 -76 -81 -84 -67 -71 -76 -79 -81 
30.528921208074 114.350187084304 4460 11.86 0.27 -58 -69 -78 -84 -88 -55 -68 -76 -81 -84 -66 -71 -75 -79 -81 
30.528921208074 114.350457682957 4486 11.95 0.27 -73 -55 -66 -78 -84 -73 -55 -68 -76 -81 -74 -68 -71 -76 -79 
30.528921208074 114.350468090598 4487 11.94 0.20 -73 -56 -66 -78 -83 -73 -55 -67 -76 -81 -74 -68 -71 -76 -78 
30.528921208074 114.350717873970 4511 12.04 0.27 -81 -72 -54 -68 -78 -80 -71 -60 -69 -77 -78 -72 -69 -72 -76 
30.528921208074 114.350728281610 4512 12.01 0.47 -82 -72 -54 -67 -78 -80 -71 -61 -68 -76 -79 -73 -69 -72 -76 
30.528921208074 114.350738689251 4513 12.01 0.84 -82 -72 -54 -67 -78 -80 -71 -61 -68 -76 -79 -73 -69 -72 -76 
30.528921208074 114.350832358015 4522 12.08 0.83 -84 -76 -64 -61 -75 -82 -75 -66 -64 -74 -80 -75 -70 -71 -75 
30.528921208074 114.351186217793 4556 12.04 0.27 -90 -85 -79 -68 -56 -87 -82 -77 -68 -61 -84 -80 -76 -72 -71 
30.528921208074 114.351196625433 4557 12.01 0.28 -90 -85 -79 -68 -55 -87 -82 -77 -69 -60 -84 -80 -76 -72 -71 
30.528921208074 114.351207033074 4558 12.00 0.12 -91 -85 -79 -69 -54 -87 -83 -78 -69 -60 -84 -80 -76 -72 -71 
30.528921208074 114.351217440714 4559 12.01 0.80 -91 -85 -79 -69 -54 -87 -83 -78 -69 -60 -84 -80 -76 -72 -71 
30.528930196830 114.350083007899 4567 11.90 0.38 -58 -73 -81 -86 -89 -50 -72 -78 -83 -85 -66 -73 -77 -80 -81 
30.528930196830 114.350093415539 4568 11.80 0.20 -57 -72 -80 -85 -89 -49 -72 -78 -82 -85 -66 -73 -77 -80 -81 
30.528930196830 114.350103823180 4569 11.80 0.67 -57 -72 -80 -85 -89 -49 -72 -78 -82 -85 -66 -73 -77 -80 -81 
30.528930196830 114.350124638461 4571 11.86 0.07 -56 -71 -79 -85 -88 -50 -70 -78 -82 -85 -66 -72 -76 -79 -81 
30.528930196830 114.350176676663 4576 11.84 0.03 -57 -69 -78 -84 -88 -55 -68 -76 -81 -84 -67 -71 -76 -79 -81 
30.528930196830 114.350332791271 4591 11.90 0.33 -66 -58 -73 -81 -86 -67 -59 -72 -79 -82 -71 -68 -73 -77 -80 
30.528930196830 114.350343198911 4592 11.90 0.16 -67 -56 -72 -81 -85 -68 -58 -72 -79 -82 -71 -68 -73 -77 -80 
30.528930196830 114.350364014192 4594 11.89 0.40 -68 -55 -72 -80 -85 -69 -57 -71 -78 -82 -71 -68 -73 -77 -79 
30.528930196830 114.350447275316 4602 11.96 0.39 -72 -53 -67 -78 -84 -72 -55 -68 -77 -81 -73 -68 -71 -76 -79 
30.528930196830 114.350457682957 4603 11.95 0.03 -73 -55 -66 -78 -84 -73 -55 -68 -76 -81 -74 -68 -71 -76 -79 
30.528930196830 114.350707466329 4627 11.97 0.63 -81 -71 -51 -68 -79 -80 -71 -61 -69 -77 -78 -72 -70 -73 -76 
30.528930196830 114.350717873970 4628 11.99 0.86 -82 -72 -54 -67 -78 -80 -71 -61 -68 -76 -79 -73 -69 -72 -76 
30.528930196830 114.350728281610 4629 12.00 0.12 -82 -72 -54 -67 -78 -80 -71 -61 -68 -76 -79 -73 -69 -72 -76 
30.528930196830 114.350738689251 4630 12.00 0.32 -82 -72 -54 -67 -78 -80 -71 -61 -68 -76 -79 -73 -69 -72 -76 
30.528930196830 114.350749096891 4631 12.00 0.63 -82 -73 -55 -66 -78 -80 -72 -62 -68 -76 -79 -73 -70 -72 -76 
30.528930196830 114.350832358015 4639 12.08 0.33 -84 -76 -64 -61 -75 -82 -75 -66 -64 -74 -80 -75 -70 -71 -75 
30.528930196830 114.351207033074 4675 12.03 0.91 -91 -85 -79 -69 -54 -87 -83 -78 -69 -60 -84 -80 -76 -72 -71 
30.528939185586 114.350072600258 4683 11.95 0.39 -57 -73 -81 -86 -89 -52 -72 -79 -83 -85 -66 -73 -77 -80 -81 
30.528939185586 114.350093415539 4685 11.87 0.37 -56 -73 -80 -85 -89 -52 -72 -78 -82 -85 -66 -73 -77 -80 -81 
30.528939185586 114.350135046101 4689 11.85 0.03 -54 -70 -79 -85 -88 -53 -70 -77 -82 -85 -67 -72 -76 -79 -81 
30.528939185586 114.350166269023 4692 11.84 0.23 -55 -69 -78 -84 -88 -56 -69 -77 -81 -84 -67 -71 -76 -79 -81 
30.528939185586 114.350311975990 4706 11.88 0.44 -64 -58 -74 -81 -86 -67 -61 -73 -79 -83 -71 -69 -74 -78 -80 
30.528939185586 114.350322383630 4707 11.91 0.05 -65 -58 -73 -81 -86 -67 -60 -73 -79 -83 -71 -69 -73 -77 -80 
30.528939185586 114.350343198911 4709 11.90 0.23 -67 -56 -72 -81 -85 -68 -58 -72 -79 -82 -71 -68 -73 -77 -80 
30.528939185586 114.350353606552 4710 11.89 0.86 -68 -55 -72 -80 -85 -69 -57 -71 -78 -82 -71 -68 -73 -77 -79 
30.528939185586 114.350374421833 4712 11.89 0.39 -68 -53 -71 -80 -85 -70 -57 -71 -78 -82 -72 -68 -73 -77 -79 
30.528939185586 114.350384829473 4713 11.89 0.91 -68 -53 -71 -80 -85 -70 -57 -71 -78 -82 -72 -68 -73 -77 -79 
30.528939185586 114.350405644754 4715 11.95 0.28 -70 -50 -69 -79 -85 -71 -56 -70 -78 -82 -73 -68 -72 -77 -79 
30.528939185586 114.350416052395 4716 11.95 0.39 -71 -51 -69 -79 -84 -71 -56 -70 -77 -81 -73 -68 -72 -76 -79 
30.528939185586 114.350426460035 4717 11.95 0.28 -71 -52 -68 -79 -84 -72 -55 -69 -77 -81 -73 -68 -72 -76 -79 
30.528939185586 114.350436867676 4718 11.95 0.09 -71 -52 -68 -79 -84 -72 -55 -69 -77 -81 -73 -68 -72 -76 -79 
30.528939185586 114.350624205205 4736 11.85 0.40 -79 -67 -48 -72 -80 -78 -67 -61 -72 -78 -77 -71 -70 -74 -77 
30.528939185586 114.350634612846 4737 11.85 0.38 -79 -67 -48 -72 -80 -78 -67 -61 -72 -78 -77 -71 -70 -74 -77 
30.528939185586 114.350645020486 4738 11.85 0.33 -79 -68 -47 -71 -80 -78 -68 -61 -71 -78 -77 -71 -69 -74 -77 
30.528939185586 114.350655428127 4739 11.85 0.19 -80 -68 -47 -71 -80 -79 -68 -61 -71 -78 -77 -71 -69 -73 -77 
30.528939185586 114.350665835767 4740 11.89 0.27 -80 -69 -46 -71 -80 -79 -69 -61 -71 -78 -78 -72 -69 -73 -77 
30.528939185586 114.350676243408 4741 11.92 0.31 -80 -70 -48 -70 -79 -79 -69 -60 -70 -77 -78 -72 -69 -73 -76 
30.528939185586 114.350686651048 4742 11.93 0.14 -80 -70 -49 -70 -79 -79 -70 -60 -70 -77 -78 -72 -69 -73 -76 
30.528939185586 114.350697058689 4743 11.95 0.10 -81 -70 -49 -69 -79 -79 -70 -60 -70 -77 -78 -72 -69 -73 -76 
30.528939185586 114.350707466329 4744 11.97 0.14 -81 -71 -50 -69 -79 -80 -70 -61 -70 -77 -78 -72 -69 -73 -76 
30.528939185586 114.350717873970 4745 11.98 0.04 -81 -72 -51 -68 -78 -80 -71 -61 -69 -77 -78 -73 -70 -73 -76 
30.528939185586 114.350728281610 4746 11.98 0.05 -82 -72 -53 -67 -78 -80 -71 -62 -69 -76 -79 -73 -70 -73 -76 
30.528939185586 114.350738689251 4747 11.99 0.14 -82 -73 -54 -67 -78 -80 -72 -62 -68 -76 -79 -73 -70 -72 -76 
30.528939185586 114.350749096891 4748 12.01 0.20 -82 -73 -55 -66 -78 -80 -72 -62 -68 -76 -79 -73 -70 -72 -76 
30.528939185586 114.350759504532 4749 12.02 0.21 -82 -73 -56 -66 -77 -81 -72 -63 -68 -76 -79 -73 -70 -72 -76 
30.528939185586 114.350821950375 4755 12.09 0.05 -84 -76 -63 -60 -75 -82 -75 -66 -65 -74 -80 -75 -71 -72 -75 
30.528948174342 114.350072600258 4800 11.97 0.12 -56 -73 -81 -86 -89 -54 -72 -79 -83 -85 -67 -73 -77 -80 -82 
30.528948174342 114.350103823180 4803 11.89 0.36 -54 -72 -80 -85 -89 -53 -72 -78 -82 -85 -67 -73 -77 -80 -81 
30.528948174342 114.350145453742 4807 11.85 0.27 -52 -70 -79 -85 -88 -55 -70 -77 -82 -84 -67 -72 -76 -79 -81 
30.528948174342 114.350166269023 4809 11.85 0.05 -52 -69 -78 -84 -88 -56 -69 -77 -82 -84 -68 -72 -76 -79 -81 
30.528948174342 114.350311975990 4823 11.88 0.14 -64 -58 -74 -81 -86 -67 -61 -73 -79 -83 -71 -69 -74 -78 -80 
30.528948174342 114.350384829473 4830 11.92 0.23 -69 -51 -70 -80 -85 -70 -57 -71 -78 -82 -72 -68 -73 -77 -79 
30.528948174342 114.350405644754 4832 11.94 0.64 -70 -50 -69 -79 -85 -71 -56 -70 -78 -82 -73 -68 -72 -77 -79 
30.528948174342 114.350613797565 4852 11.88 0.07 -78 -65 -50 -73 -81 -77 -67 -62 -73 -79 -77 -71 -70 -74 -77 
30.528948174342 114.350645020486 4855 11.84 0.40 -79 -68 -47 -72 -80 -78 -68 -61 -72 -78 -77 -71 -70 -74 -77 
30.528948174342 114.350749096891 4865 12.00 0.31 -82 -73 -55 -66 -78 -80 -72 -63 -68 -76 -79 -73 -70 -72 -76 
30.528948174342 114.350759504532 4866 12.02 0.23 -82 -73 -56 -66 -77 -81 -73 -63 -68 -76 -79 -73 -70 -72 -76 
30.528948174342 114.350769912172 4867 12.03 0.11 -82 -74 -57 -65 -77 -81 -73 -64 -68 -76 -79 -74 -70 -72 -76 
30.528948174342 114.350821950375 4872 12.09 0.82 -84 -76 -63 -60 -75 -82 -75 -66 -65 -74 -80 -75 -71 -72 -75 
30.528948174342 114.350873988578 4877 11.97 0.20 -85 -77 -66 -55 -74 -83 -76 -68 -63 -73 -81 -75 -71 -71 -75 
30.528948174342 114.351050918466 4894 12.05 0.29 -88 -82 -75 -56 -66 -85 -80 -74 -64 -68 -83 -78 -74 -72 -73 
30.528948174342 114.351071733747 4896 12.04 0.04 -89 -83 -76 -59 -64 -86 -80 -75 -65 -67 -83 -79 -75 -72 -73 
30.528957163098 114.350072600258 4917 11.98 0.06 -55 -73 -81 -86 -89 -56 -73 -79 -83 -85 -67 -74 -77 -80 -82 
30.528957163098 114.350083007899 4918 11.99 0.88 -53 -73 -80 -86 -89 -57 -73 -79 -83 -85 -68 -74 -77 -80 -82 
30.528957163098 114.350093415539 4919 11.83 0.03 -54 -72 -80 -85 -89 -55 -72 -78 -82 -85 -67 -73 -77 -80 -81 
30.528957163098 114.350103823180 4920 11.83 0.93 -54 -72 -80 -85 -89 -55 -72 -78 -82 -85 -67 -73 -77 -80 -81 
30.528957163098 114.350114230820 4921 11.88 0.25 -52 -72 -80 -85 -89 -55 -71 -78 -82 -85 -67 -73 -77 -80 -81 
30.528957163098 114.350124638461 4922 11.86 0.26 -50 -71 -79 -85 -88 -56 -71 -78 -82 -85 -68 -73 -77 -80 -81 
30.528957163098 114.350155861382 4925 11.85 0.13 -50 -69 -79 -84 -88 -57 -70 -77 -82 -84 -68 -72 -76 -79 -81 
30.528957163098 114.350301568349 4939 11.86 0.20 -63 -59 -74 -82 -86 -66 -62 -74 -79 -83 -71 -70 -74 -78 -80 
30.528957163098 114.350582574643 4966 11.89 0.09 -77 -63 -53 -74 -81 -77 -66 -64 -74 -79 -76 -71 -71 -75 -78 
30.528957163098 114.350780319813 4985 12.05 0.08 -83 -74 -58 -64 -77 -81 -73 -65 -67 -76 -79 -74 -71 -72 -76 
30.528957163098 114.350790727453 4986 12.09 0.28 -83 -74 -59 -63 -76 -81 -74 -65 -67 -75 -79 -74 -71 -72 -76 
30.528957163098 114.350801135094 4987 12.09 0.51 -83 -75 -60 -62 -76 -82 -74 -66 -66 -75 -80 -75 -71 -72 -75 
30.528957163098 114.350811542734 4988 12.10 0.31 -84 -75 -62 -61 -76 -82 -74 -66 -66 -75 -80 -75 -71 -72 -75 
30.528957163098 114.351009287904 5007 12.00 0.76 -87 -81 -72 -45 -68 -85 -79 -73 -63 -70 -82 -78 -74 -72 -74 
30.528957163098 114.351019695545 5008 12.04 0.83 -88 -82 -74 -52 -67 -85 -79 -73 -63 -69 -82 -78 -74 -72 -73 
30.528957163098 114.351030103185 5009 12.04 0.40 -88 -82 -74 -52 -67 -85 -79 -73 -63 -69 -82 -78 -74 -72 -73 
30.528966151854 114.350083007899 5035 11.99 0.31 -53 -73 -80 -86 -89 -57 -73 -79 -83 -85 -68 -74 -77 -80 -82 
30.528966151854 114.350093415539 5036 11.85 0.01 -51 -72 -80 -85 -89 -56 -72 -78 -82 -85 -68 -73 -77 -80 -81 
30.528966151854 114.350103823180 5037 11.85 0.36 -51 -72 -80 -85 -89 -56 -72 -78 -82 -85 -68 -73 -77 -80 -81 
30.528966151854 114.350124638461 5039 11.86 0.68 -50 -71 -79 -85 -88 -56 -71 -78 -82 -85 -68 -73 -77 -80 -81 
30.528966151854 114.350135046101 5040 11.84 0.19 -48 -70 -79 -85 -88 -57 -71 -78 -82 -85 -68 -73 -76 -79 -81 
30.528966151854 114.350166269023 5043 11.87 0.91 -47 -69 -78 -84 -88 -59 -70 -77 -82 -84 -69 -72 -76 -79 -81 
30.528966151854 114.350280753068 5054 11.86 0.69 -62 -59 -74 -82 -86 -66 -64 -74 -80 -83 -71 -70 -74 -78 -80 
30.528966151854 114.350291160709 5055 11.86 0.19 -62 -59 -74 -82 -86 -66 -64 -74 -80 -83 -71 -70 -74 -78 -80 
30.528966151854 114.350561759362 5081 11.90 0.04 -76 -61 -56 -75 -82 -76 -65 -65 -74 -79 -76 -71 -71 -75 -78 
30.528966151854 114.350790727453 5103 12.09 0.87 -83 -74 -59 -63 -76 -81 -74 -65 -67 -75 -79 -74 -71 -72 -76 
30.528966151854 114.350801135094 5104 12.11 0.41 -83 -75 -60 -62 -76 -82 -74 -66 -67 -75 -80 -74 -71 -72 -76 
30.528966151854 114.350873988578 5111 12.15 0.91 -85 -77 -66 -53 -74 -83 -76 -69 -65 -74 -81 -76 -72 -72 -75 
30.528966151854 114.350905211499 5114 11.95 0.11 -85 -78 -68 -48 -73 -83 -77 -70 -64 -73 -81 -76 -72 -72 -74 
30.528966151854 114.350926026780 5116 11.97 0.59 -86 -79 -70 -39 -71 -84 -78 -71 -63 -72 -81 -77 -73 -72 -74 
30.528966151854 114.350936434421 5117 11.97 0.18 -86 -79 -70 -39 -71 -84 -78 -71 -63 -72 -81 -77 -73 -72 -74 
30.528966151854 114.350967657342 5120 11.98 0.46 -87 -80 -71 -36 -70 -84 -78 -72 -63 -71 -82 -77 -73 -72 -74 
30.528966151854 114.350998880264 5123 12.00 0.09 -87 -81 -72 -45 -68 -85 -79 -73 -63 -70 -82 -78 -74 -72 -74 
30.528966151854 114.351092549028 5132 12.03 0.14 -89 -83 -76 -60 -62 -86 -81 -75 -66 -67 -83 -79 -75 -72 -73 
30.528975140610 114.350093415539 5153 11.99 0.53 -50 -72 -80 -86 -89 -58 -72 -79 -83 -85 -68 -74 -77 -80 -82 
30.528975140610 114.350103823180 5154 11.86 0.02 -49 -72 -80 -85 -89 -58 -72 -78 -82 -85 -68 -74 -77 -80 -81 
30.528975140610 114.350155861382 5159 11.87 0.34 -47 -69 -78 -84 -88 -59 -70 -77 -82 -84 -69 -72 -76 -79 -81 
30.528975140610 114.350259937787 5169 11.84 0.81 -57 -62 -75 -83 -87 -65 -66 -75 -80 -83 -71 -71 -75 -78 -80 
30.528975140610 114.350280753068 5171 11.86 0.50 -60 -60 -74 -82 -86 -66 -64 -74 -80 -83 -71 -71 -75 -78 -80 
30.528975140610 114.350468090598 5189 11.98 0.82 -72 -47 -65 -78 -83 -74 -62 -69 -76 -81 -75 -70 -72 -76 -79 
30.528975140610 114.350478498238 5190 11.96 0.09 -73 -50 -64 -77 -83 -74 -62 -68 -76 -81 -75 -70 -72 -76 -79 
30.528975140610 114.350499313519 5192 11.93 0.12 -74 -53 -63 -77 -83 -75 -63 -68 -76 -80 -75 -70 -72 -76 -78 
30.528975140610 114.350509721160 5193 11.91 0.44 -74 -55 -61 -76 -83 -75 -63 -67 -76 -80 -75 -70 -72 -76 -78 
30.528975140610 114.350520128800 5194 11.91 0.24 -74 -55 -61 -76 -83 -75 -63 -67 -76 -80 -75 -70 -72 -76 -78 
30.528975140610 114.350530536441 5195 11.90 0.83 -75 -57 -60 -76 -82 -75 -64 -67 -75 -80 -76 -70 -71 -76 -78 
30.528975140610 114.350540944081 5196 11.90 0.37 -76 -59 -58 -75 -82 -76 -64 -66 -75 -80 -76 -71 -71 -75 -78 
30.528975140610 114.350551351722 5197 11.90 0.36 -76 -59 -58 -75 -82 -76 -64 -66 -75 -80 -76 -71 -71 -75 -78 
30.528975140610 114.350801135094 5221 12.10 0.24 -83 -75 -60 -62 -76 -82 -74 -67 -67 -75 -80 -75 -71 -73 -76 
30.528975140610 114.350873988578 5228 12.15 0.27 -85 -77 -66 -53 -74 -83 -76 -69 -65 -74 -81 -76 -72 -72 -75 
30.528975140610 114.350894803859 5230 12.14 0.41 -85 -78 -67 -50 -73 -83 -77 -70 -65 -73 -81 -76 -73 -72 -75 
30.528984129366 114.350166269023 5277 11.85 0.07 -44 -68 -78 -84 -88 -61 -70 -77 -82 -84 -69 -73 -76 -79 -81 
30.528984129366 114.350176676663 5278 11.85 0.59 -44 -68 -78 -84 -88 -61 -70 -77 -82 -84 -69 -73 -76 -79 -81 
30.528984129366 114.350239122506 5284 11.83 0.35 -55 -63 -76 -83 -87 -65 -67 -75 -81 -84 -71 -72 -75 -79 -81 
30.528984129366 114.350259937787 5286 11.84 0.05 -57 -62 -75 -83 -87 -65 -66 -75 -80 -83 -71 -71 -75 -78 -80 
30.528984129366 114.350270345428 5287 11.85 0.42 -59 -61 -75 -82 -86 -66 -65 -75 -80 -83 -71 -71 -75 -78 -80 
30.528984129366 114.350364014192 5296 12.06 0.76 -66 -47 -71 -80 -85 -70 -63 -73 -79 -82 -73 -71 -74 -78 -80 
30.528984129366 114.350416052395 5301 12.01 0.27 -70 -29 -68 -79 -84 -72 -62 -71 -78 -82 -74 -70 -73 -77 -79 
30.528984129366 114.350436867676 5303 12.00 0.10 -71 -37 -67 -78 -84 -73 -61 -70 -77 -81 -74 -70 -73 -77 -79 
30.528984129366 114.350447275316 5304 11.98 0.02 -72 -43 -66 -78 -84 -73 -61 -69 -77 -81 -74 -70 -72 -76 -79 
30.528984129366 114.350468090598 5306 11.98 0.34 -72 -47 -65 -78 -83 -74 -62 -69 -76 -81 -75 -70 -72 -76 -79 
30.528984129366 114.350478498238 5307 11.96 0.43 -73 -50 -64 -77 -83 -74 -62 -68 -76 -81 -75 -70 -72 -76 -79 
30.528984129366 114.350499313519 5309 11.93 0.83 -74 -53 -63 -77 -83 -75 -63 -68 -76 -80 -75 -70 -72 -76 -78 
30.528984129366 114.350530536441 5312 11.90 0.09 -75 -57 -60 -76 -82 -75 -64 -67 -75 -80 -76 -70 -71 -76 -78 
30.528984129366 114.350801135094 5338 12.10 0.85 -83 -75 -60 -61 -76 -82 -74 -67 -67 -75 -80 -75 -71 -73 -76 
30.528984129366 114.350811542734 5339 12.11 0.03 -83 -75 -60 -61 -76 -82 -75 -67 -67 -75 -80 -75 -72 -73 -76 
30.528984129366 114.350905211499 5348 12.08 0.17 -85 -78 -68 -47 -73 -83 -77 -70 -65 -73 -81 -76 -73 -72 -75 
30.528984129366 114.351082141388 5365 12.02 0.01 -89 -83 -76 -59 -62 -86 -81 -75 -67 -68 -83 -79 -75 -73 -73 
30.528984129366 114.351092549028 5366 12.02 0.51 -89 -83 -76 -59 -62 -86 -81 -75 -67 -68 -83 -79 -75 -73 -73 
30.528993118122 114.350093415539 5387 11.98 0.25 -47 -72 -80 -85 -89 -60 -72 -79 -83 -85 -69 -74 -77 -80 -82 
30.528993118122 114.350103823180 5388 11.88 0.32 -46 -72 -80 -85 -89 -60 -72 -78 -82 -85 -69 -74 -77 -80 -81 
30.528993118122 114.350176676663 5395 11.84 0.25 -43 -68 -78 -84 -88 -62 -70 -77 -81 -84 -70 -73 -76 -79 -81 
30.528993118122 114.350228714866 5400 11.83 0.23 -53 -64 -76 -83 -87 -64 -68 -76 -81 -84 -70 -72 -76 -79 -81 
30.528993118122 114.350239122506 5401 11.83 0.48 -55 -63 -76 -83 -87 -65 -67 -75 -81 -84 -71 -72 -75 -79 -81 
30.528993118122 114.350353606552 5412 12.06 0.35 -66 -47 -71 -80 -85 -70 -63 -73 -79 -82 -73 -71 -74 -78 -80 
30.528993118122 114.350364014192 5413 12.04 0.02 -67 -45 -71 -80 -85 -70 -63 -72 -79 -82 -73 -71 -74 -77 -80 
30.528993118122 114.350374421833 5414 12.03 0.13 -67 -43 -71 -80 -85 -71 -63 -72 -78 -82 -73 -71 -74 -77 -80 
30.528993118122 114.350384829473 5415 12.03 0.05 -68 -39 -70 -80 -85 -71 -62 -72 -78 -82 -73 -70 -74 -77 -79 
30.528993118122 114.350395237114 5416 12.01 0.17 -69 -31 -69 -79 -85 -72 -62 -71 -78 -82 -74 -70 -73 -77 -79 
30.528993118122 114.350405644754 5417 12.01 0.24 -69 -31 -69 -79 -85 -72 -62 -71 -78 -82 -74 -70 -73 -77 -79 
30.528993118122 114.350416052395 5418 12.01 0.11 -70 -29 -68 -79 -84 -72 -62 -71 -78 -82 -74 -70 -73 -77 -79 
30.528993118122 114.350811542734 5456 12.11 0.09 -83 -75 -61 -60 -76 -82 -75 -68 -68 -75 -80 -75 -72 -73 -76 
30.528993118122 114.350863580937 5461 12.15 0.07 -85 -77 -65 -54 -74 -83 -76 -70 -66 -74 -81 -76 -73 -73 -75 
30.528993118122 114.350873988578 5462 12.15 0.09 -85 -77 -65 -54 -74 -83 -76 -70 -66 -74 -81 -76 -73 -73 -75 
30.528993118122 114.350905211499 5465 12.08 0.05 -85 -78 -68 -47 -73 -83 -77 -70 -65 -73 -81 -76 -73 -72 -75 
30.528993118122 114.350915619140 5466 12.08 0.21 -86 -79 -68 -45 -72 -84 -77 -71 -66 -73 -81 -77 -73 -73 -75 
30.528993118122 114.351061326107 5480 12.02 0.35 -88 -83 -75 -57 -64 -86 -80 -75 -67 -69 -83 -79 -75 -73 -74 
30.528993118122 114.351071733747 5481 12.02 0.03 -88 -83 -75 -57 -64 -86 -80 -75 -67 -69 -83 -79 -75 -73 -74 
30.529002106878 114.350103823180 5505 11.94 0.13 -43 -71 -80 -85 -89 -61 -72 -78 -82 -85 -69 -74 -77 -80 -81 
30.529002106878 114.350114230820 5506 11.91 0.56 -42 -71 -80 -85 -89 -61 -72 -78 -82 -85 -69 -74 -77 -80 -81 
30.529002106878 114.350176676663 5512 11.84 0.99 -43 -68 -78 -84 -88 -62 -70 -77 -81 -84 -70 -73 -76 -79 -81 
30.529002106878 114.350187084304 5513 11.85 0.56 -45 -67 -77 -84 -88 -63 -69 -77 -81 -84 -70 -73 -76 -79 -81 
30.529002106878 114.350197491944 5514 11.85 0.05 -45 -67 -77 -84 -88 -63 -69 -77 -81 -84 -70 -73 -76 -79 -81 
30.529002106878 114.350218307225 5516 11.82 0.80 -51 -65 -77 -83 -87 -64 -68 -76 -81 -84 -71 -72 -76 -79 -81 
30.529002106878 114.350228714866 5517 11.82 0.11 -51 -65 -77 -83 -87 -64 -68 -76 -81 -84 -71 -72 -76 -79 -81 
30.529002106878 114.350239122506 5518 11.83 0.98 -53 -64 -76 -83 -87 -64 -68 -76 -81 -84 -70 -72 -76 -79 -81 
30.529002106878 114.350311975990 5525 12.03 0.38 -62 -56 -73 -81 -86 -68 -65 -74 -80 -83 -72 -71 -75 -78 -80 
30.529002106878 114.350322383630 5526 12.03 0.22 -64 -53 -73 -81 -86 -69 -65 -74 -79 -83 -72 -71 -75 -78 -80 
30.529002106878 114.350332791271 5527 12.03 0.24 -64 -53 -73 -81 -86 -69 -65 -74 -79 -83 -72 -71 -75 -78 -80 
30.529002106878 114.350343198911 5528 12.06 0.28 -65 -50 -72 -81 -85 -70 -64 -73 -79 -82 -73 -71 -74 -78 -80 
30.529002106878 114.350364014192 5530 12.04 0.38 -67 -45 -71 -80 -85 -70 -63 -72 -79 -82 -73 -71 -74 -77 -80 
30.529002106878 114.350821950375 5574 12.10 0.22 -84 -75 -61 -60 -75 -82 -75 -68 -68 -75 -80 -75 -72 -73 -76 
30.529002106878 114.350915619140 5583 12.08 0.01 -86 -79 -68 -45 -72 -84 -77 -71 -66 -73 -81 -77 -73 -73 -75 
30.529002106878 114.350926026780 5584 12.07 0.23 -86 -79 -69 -43 -72 -84 -78 -72 -66 -73 -81 -77 -74 -73 -75 
30.529011095634 114.350093415539 5621 11.99 0.59 -44 -72 -80 -85 -89 -61 -72 -79 -83 -85 -69 -74 -77 -80 -82 
30.529011095634 114.350103823180 5622 12.01 0.10 -40 -71 -80 -85 -89 -62 -72 -79 -82 -85 -70 -74 -77 -80 -82 
30.529011095634 114.350114230820 5623 11.93 0.27 -38 -71 -80 -85 -88 -62 -72 -78 -82 -85 -70 -74 -77 -80 -82 
30.529011095634 114.350207899585 5632 11.83 0.45 -48 -66 -77 -83 -87 -64 -69 -77 -81 -84 -71 -73 -76 -79 -81 
30.529011095634 114.350259937787 5637 12.02 0.15 -57 -61 -75 -82 -87 -67 -67 -75 -80 -83 -72 -72 -75 -79 -80 
30.529011095634 114.350270345428 5638 12.02 0.28 -57 -61 -75 -82 -87 -67 -67 -75 -80 -83 -72 -72 -75 -79 -80 
30.529011095634 114.350280753068 5639 12.03 0.12 -59 -59 -75 -82 -86 -67 -67 -75 -80 -83 -72 -72 -75 -78 -80 
30.529011095634 114.350291160709 5640 12.03 0.14 -61 -58 -74 -82 -86 -68 -66 -75 -80 -83 -72 -72 -75 -78 -80 
30.529011095634 114.350311975990 5642 12.03 0.16 -62 -56 -73 -81 -86 -68 -65 -74 -80 -83 -72 -71 -75 -78 -80 
30.529011095634 114.350821950375 5691 12.15 0.35 -84 -76 -62 -60 -75 -82 -75 -69 -68 -75 -80 -76 -73 -73 -76 
30.529011095634 114.350873988578 5696 12.19 0.32 -85 -77 -66 -54 -74 -83 -77 -70 -67 -74 -81 -76 -73 -73 -75 
30.529011095634 114.350884396218 5697 12.19 0.83 -85 -77 -66 -54 -74 -83 -77 -70 -67 -74 -81 -76 -73 -73 -75 
30.529011095634 114.350915619140 5700 12.07 0.21 -86 -79 -69 -43 -72 -84 -78 -72 -66 -73 -81 -77 -74 -73 -75 
30.529011095634 114.350936434421 5702 12.06 0.38 -86 -79 -69 -44 -71 -84 -78 -72 -67 -73 -82 -77 -74 -73 -75 
30.529011095634 114.351050918466 5713 12.04 0.31 -88 -82 -75 -55 -65 -86 -80 -75 -67 -70 -83 -79 -75 -73 -74 
30.529020084390 114.350114230820 5740 12.00 0.28 -36 -71 -80 -85 -88 -63 -72 -79 -82 -85 -70 -74 -77 -80 -82 
30.529020084390 114.350207899585 5749 12.03 0.80 -50 -65 -77 -83 -87 -65 -69 -76 -81 -84 -71 -73 -76 -79 -81 
30.529020084390 114.350218307225 5750 12.03 0.19 -50 -65 -77 -83 -87 -65 -69 -76 -81 -84 -71 -73 -76 -79 -81 
30.529020084390 114.350239122506 5752 12.04 0.20 -53 -64 -76 -83 -87 -66 -69 -76 -81 -84 -71 -72 -76 -79 -81 
30.529020084390 114.350249530147 5753 12.03 0.26 -55 -62 -76 -83 -87 -66 -68 -76 -81 -84 -71 -72 -76 -79 -81 
30.529020084390 114.350821950375 5808 12.14 0.78 -84 -76 -63 -60 -75 -82 -75 -69 -68 -75 -80 -76 -73 -73 -76 
30.529020084390 114.350832358015 5809 12.14 0.37 -84 -76 -63 -60 -75 -82 -75 -69 -68 -75 -80 -76 -73 -73 -76 
30.529020084390 114.350936434421 5819 12.06 0.51 -86 -79 -69 -44 -71 -84 -78 -72 -67 -73 -82 -77 -74 -73 -75 
30.529020084390 114.351019695545 5827 12.05 0.87 -87 -81 -73 -52 -68 -85 -80 -74 -68 -71 -82 -78 -75 -73 -75 
30.529020084390 114.351030103185 5828 12.04 0.36 -88 -82 -74 -53 -67 -85 -80 -75 -67 -70 -83 -78 -75 -73 -74 
30.529029073146 114.350124638461 5858 12.00 0.05 -34 -71 -80 -85 -88 -64 -73 -78 -82 -85 -71 -74 -77 -80 -82 
30.529029073146 114.350187084304 5864 12.02 0.38 -41 -67 -78 -84 -88 -65 -71 -77 -82 -84 -71 -73 -77 -79 -81 
30.529029073146 114.350197491944 5865 12.01 0.02 -46 -66 -77 -84 -87 -65 -70 -77 -81 -84 -71 -73 -76 -79 -81 
30.529029073146 114.350832358015 5926 12.15 0.12 -84 -76 -63 -60 -75 -82 -76 -70 -69 -75 -80 -76 -73 -74 -76 
30.529029073146 114.350884396218 5931 12.18 0.26 -85 -78 -67 -54 -73 -83 -77 -71 -68 -74 -81 -77 -74 -74 -76 
30.529029073146 114.350894803859 5932 12.18 0.28 -85 -78 -67 -54 -73 -83 -77 -71 -68 -74 -81 -77 -74 -74 -76 
30.529029073146 114.350936434421 5936 12.04 0.16 -86 -79 -70 -47 -71 -84 -78 -73 -67 -73 -82 -77 -74 -73 -75 
30.529029073146 114.351009287904 5943 12.05 0.05 -87 -81 -73 -52 -68 -85 -80 -74 -68 -71 -82 -78 -75 -73 -75 
30.529038061902 114.350114230820 5974 11.97 0.90 -35 -71 -80 -85 -88 -64 -73 -79 -82 -85 -71 -74 -77 -80 -82 
30.529038061902 114.350124638461 5975 11.97 0.29 -36 -71 -80 -85 -88 -64 -73 -79 -82 -85 -71 -74 -77 -80 -82 
30.529038061902 114.350135046101 5976 12.05 0.07 -32 -70 -79 -85 -88 -65 -72 -78 -82 -85 -71 -74 -77 -80 -81 
30.529038061902 114.350145453742 5977 12.05 0.66 -30 -69 -79 -85 -88 -65 -72 -78 -82 -85 -71 -74 -77 -80 -81 
30.529038061902 114.350155861382 5978 12.04 0.33 -31 -69 -79 -85 -88 -65 -72 -78 -82 -85 -71 -74 -77 -80 -81 
30.529038061902 114.350166269023 5979 12.03 0.26 -35 -68 -78 -84 -88 -65 -71 -78 -82 -84 -71 -74 -77 -80 -81 
30.529038061902 114.350832358015 6043 12.13 0.07 -84 -76 -64 -60 -75 -82 -76 -70 -69 -75 -81 -76 -73 -74 -76 
30.529038061902 114.350988472623 6058 12.05 0.74 -87 -81 -73 -51 -69 -85 -79 -74 -68 -72 -82 -78 -75 -74 -75 
30.529038061902 114.350998880264 6059 12.05 0.09 -87 -81 -73 -51 -69 -85 -79 -74 -68 -72 -82 -78 -75 -74 -75 
30.529047050659 114.350124638461 6092 11.98 0.44 -37 -71 -79 -85 -88 -65 -73 -79 -82 -85 -71 -74 -77 -80 -82 
30.529047050659 114.350135046101 6093 12.03 0.17 -36 -70 -79 -85 -88 -65 -72 -78 -82 -85 -71 -74 -77 -80 -81 
30.529047050659 114.350946842061 6171 12.03 0.05 -86 -80 -70 -50 -71 -84 -78 -73 -68 -73 -82 -78 -75 -74 -75 
30.529047050659 114.350988472623 6175 12.04 0.39 -87 -81 -72 -52 -69 -85 -79 -74 -69 -72 -82 -78 -75 -74 -75 
30.529056039415 114.350124638461 6209 11.99 0.27 -41 -71 -79 -85 -88 -66 -73 -79 -82 -85 -72 -75 -77 -80 -82 
30.529056039415 114.350135046101 6210 11.99 0.10 -41 -71 -79 -85 -88 -66 -73 -79 -82 -85 -72 -75 -77 -80 -82 
30.529056039415 114.350832358015 6277 12.12 0.28 -84 -76 -64 -60 -75 -83 -76 -71 -70 -75 -81 -76 -74 -74 -76 
30.529056039415 114.350873988578 6281 12.14 0.24 -85 -78 -67 -57 -74 -83 -77 -72 -69 -75 -81 -77 -74 -74 -76 
30.529056039415 114.350884396218 6282 12.14 0.12 -85 -78 -67 -57 -74 -83 -77 -72 -69 -75 -81 -77 -74 -74 -76 
30.529056039415 114.350894803859 6283 12.16 0.43 -85 -78 -68 -55 -73 -83 -77 -72 -69 -74 -81 -77 -74 -74 -76 
30.529056039415 114.350946842061 6288 12.03 0.64 -86 -80 -70 -50 -71 -84 -78 -73 -68 -73 -82 -78 -75 -74 -75 
30.529056039415 114.350957249702 6289 12.03 0.28 -86 -80 -71 -52 -71 -84 -79 -74 -69 -73 -82 -78 -75 -74 -75 
30.529056039415 114.350988472623 6292 12.04 0.48 -87 -81 -72 -52 -69 -85 -79 -74 -69 -72 -82 -78 -75 -74 -75 
30.529065028171 114.350135046101 6327 11.98 0.88 -41 -71 -79 -85 -88 -66 -73 -79 -82 -85 -72 -75 -77 -80 -82 
30.529065028171 114.350832358015 6394 12.11 0.58 -84 -76 -65 -61 -75 -83 -76 -71 -70 -75 -81 -77 -74 -74 -76 
30.529065028171 114.350842765656 6395 12.11 0.27 -84 -76 -65 -61 -75 -83 -76 -71 -70 -75 -81 -77 -74 -74 -76 
30.529065028171 114.350863580937 6397 12.11 0.32 -85 -77 -67 -59 -74 -83 -77 -72 -70 -75 -81 -77 -74 -74 -76 
30.529065028171 114.350967657342 6407 12.03 0.54 -87 -80 -72 -53 -70 -85 -79 -74 -69 -73 -82 -78 -75 -74 -75 
30.529074016927 114.350842765656 6512 12.11 0.37 -84 -77 -66 -61 -75 -83 -77 -72 -71 -76 -81 -77 -74 -75 -76 
30.529074016927 114.350853173296 6513 12.10 0.32 -84 -77 -66 -61 -75 -83 -77 -72 -71 -75 -81 -77 -74 -75 -76 
30.529074016927 114.350863580937 6514 12.11 0.70 -85 -77 -67 -59 -74 -83 -77 -72 -70 -75 -81 -77 -74 -74 -76 
30.529083005683 114.350853173296 6630 12.10 0.39 -84 -77 -66 -61 -75 -83 -77 -72 -71 -75 -81 -77 -74 -75 -76 
